# RAJ2000             DEJ2000              
  85.62729166666665   -10.179944444444443  
  85.75662499999999   -10.130638888888887  
  85.63237499999998   -10.09061111111111   
  85.65845833333333   -10.06211111111111   
  85.74970833333332   -10.06111111111111   
  85.74995833333332   -10.059833333333332  
  85.74099999999999   -10.059805555555554  
  85.65458333333332   -10.058222222222222  
  85.68516666666666   -10.05511111111111   
  85.72008333333332   -10.044805555555554  
  85.71912499999999   -10.041777777777776  
  85.55170833333332   -10.036416666666666  
  85.64337499999999   -10.031083333333331  
  85.615625           -10.03086111111111   
  85.60754166666666   -10.02997222222222   
  85.64533333333333   -10.029527777777776  
  85.61887499999999   -10.028555555555554  
  85.63133333333332   -10.026805555555555  
  85.50033333333332   -10.019777777777776  
  85.65899999999999   -10.018694444444444  
  85.67312499999998   -10.018305555555555  
  85.77108333333332   -10.017361111111109  
  85.65225            -10.017305555555554  
  85.56379166666666   -10.016333333333332  
  85.56649999999999   -10.011333333333331  
  85.62679166666666   -10.010583333333331  
  85.60133333333333   -10.010305555555554  
  85.66287499999999   -10.009305555555555  
  85.77045833333332   -10.005527777777777  
  85.63462499999999   -10.004805555555555  
  85.64308333333332   -9.996777777777776   
  85.57029166666666   -9.995               
  85.65424999999999   -9.993749999999999   
  85.65204166666666   -9.986833333333331   
  85.64933333333332   -9.981944444444443   
  85.67758333333332   -9.977527777777777   
  85.54333333333332   -9.977194444444443   
  85.73983333333332   -9.973333333333333   
  85.631875           -9.961416666666665   
  85.71558333333333   -9.961305555555555   
  85.73674999999999   -9.96011111111111    
  85.51191666666665   -9.95336111111111    
  85.55879166666665   -9.938916666666666   
  85.55908333333332   -9.936888888888888   
  85.67399999999999   -9.935638888888887   
  85.72449999999999   -9.93336111111111    
  85.66341666666665   -9.925749999999999   
  85.63854166666665   -9.909083333333331   
  85.69358333333332   -9.900555555555554   
  85.48879166666666   -9.89961111111111    
  85.59179166666665   -9.890138888888888   
  85.62804166666666   -9.884194444444443   
  85.76312499999999   -9.870027777777777   
  85.76683333333332   -9.866888888888887   
  85.75033333333332   -9.852638888888889   
  85.73766666666666   -9.847416666666666   
  85.70374999999999   -9.836666666666666   
  85.49162499999998   -9.830833333333333   
  85.58916666666666   -9.828916666666665   
  85.69204166666665   -9.82847222222222    
  85.69295833333332   -9.800833333333332   
  85.69874999999999   -9.789444444444444   
  85.73616666666666   -9.782944444444443   
  85.40991666666666   -9.777916666666666   
  85.62437499999999   -9.777555555555555   
  85.73279166666666   -9.776749999999998   
  85.69599999999998   -9.774416666666665   
  85.81275            -9.772944444444443   
  85.70058333333333   -9.771249999999998   
  85.70495833333332   -9.76697222222222    
  85.71495833333333   -9.764249999999999   
  85.71841666666666   -9.761027777777777   
  85.70899999999999   -9.755138888888888   
  85.70575            -9.754194444444444   
  85.68999999999998   -9.75236111111111    
  85.63641666666666   -9.751833333333332   
  85.24266666666665   -9.751805555555555   
  85.67758333333332   -9.750916666666665   
  85.69937499999999   -9.747472222222221   
  85.68404166666666   -9.746916666666666   
  85.70608333333332   -9.74436111111111    
  85.59299999999999   -9.739249999999998   
  85.31879166666666   -9.737333333333332   
  85.30316666666666   -9.661               
  85.70616666666666   -9.64497222222222    
  85.17933333333332   -9.618527777777777   
  85.26354166666665   -9.61436111111111    
  85.17270833333332   -9.607166666666666   
  85.1265             -9.598083333333332   
  85.39004166666666   -9.579055555555554   
  85.21895833333332   -9.577472222222221   
  85.40124999999999   -9.566416666666665   
  85.514              -9.548638888888888   
  85.26637499999998   -9.539222222222222   
  85.288125           -9.537249999999998   
  85.22004166666666   -9.536222222222221   
  85.36541666666666   -9.528083333333331   
  85.40295833333332   -9.512805555555554   
  85.31737499999998   -9.504694444444443   
  85.29187499999999   -9.49461111111111    
  85.31137499999998   -9.482166666666666   
  85.21670833333332   -9.469249999999999   
  85.21841666666666   -9.457388888888888   
  85.40766666666666   -9.438444444444443   
  85.25816666666665   -9.398305555555554   
  85.20216666666666   -9.396305555555553   
  85.36754166666665   -9.394583333333332   
  85.26720833333333   -9.38872222222222    
  85.14883333333333   -9.378888888888888   
  85.24474999999998   -9.377055555555554   
  85.77966666666666   -9.373527777777776   
  85.66599999999998   -9.36272222222222    
  85.29562499999999   -9.353166666666665   
  85.68787499999999   -9.344999999999999   
  85.23945833333332   -9.342027777777776   
  85.15570833333332   -9.34186111111111    
  85.12899999999999   -9.337638888888888   
  85.191375           -9.335999999999999   
  85.24645833333332   -9.329805555555554   
  85.27799999999999   -9.319722222222222   
  85.27299999999998   -9.313277777777776   
  85.27287499999998   -9.311916666666665   
  85.24445833333333   -9.302               
  85.41541666666666   -9.29036111111111    
  85.17558333333332   -9.287333333333333   
  85.12279166666666   -9.284277777777776   
  85.29220833333332   -9.26522222222222    
  85.28816666666665   -9.234555555555554   
  85.24329166666665   -9.230416666666665   
  85.26120833333333   -9.207944444444443   
  85.66220833333333   -9.201555555555554   
  85.31645833333332   -9.199194444444442   
  85.59412499999999   -9.198472222222222   
  85.68262499999999   -9.178749999999999   
  85.68233333333332   -9.177305555555554   
  85.699125           -9.177138888888887   
  85.51708333333332   -9.145027777777777   
  85.40574999999998   -9.130833333333332   
  85.22449999999999   -9.101138888888888   
  85.12733333333333   -9.098805555555554   
  85.23995833333332   -9.097166666666665   
  85.88704166666666   -9.050194444444443   
  85.54054166666666   -9.027694444444442   
  85.40512499999998   -9.026499999999999   
  85.29629166666666   -9.021444444444443   
  85.30170833333332   -9.018777777777776   
  86.06645833333332   -9.00772222222222    
  85.34679166666666   -8.995166666666666   
  85.30095833333333   -8.983194444444443   
  85.30049999999999   -8.981305555555554   
  85.34558333333332   -8.978444444444444   
  85.36037499999999   -8.977583333333332   
  85.72399999999999   -8.957638888888887   
  85.20837499999999   -8.944388888888888   
  85.35208333333333   -8.94225             
  85.6655             -8.913833333333333   
  85.10470833333332   -8.905916666666666   
  85.15366666666665   -8.89661111111111    
  85.64391666666666   -8.893944444444443   
  85.30233333333332   -8.879444444444443   
  85.73083333333332   -8.872305555555554   
  85.17499999999998   -8.871777777777776   
  85.20504166666666   -8.85597222222222    
  85.20362499999999   -8.854249999999999   
  85.19941666666665   -8.851194444444443   
  85.20029166666666   -8.845527777777777   
  85.22004166666666   -8.843138888888888   
  85.66299999999998   -8.840916666666665   
  85.67662499999999   -8.803833333333332   
  85.67945833333333   -8.759805555555554   
  85.67916666666666   -8.759138888888888   
  85.87924999999998   -8.73986111111111    
  85.75370833333332   -8.738444444444443   
  85.27595833333332   -8.734916666666665   
  85.37712499999999   -8.733027777777776   
  85.50108333333333   -8.724749999999998   
  85.72037499999999   -8.694777777777777   
  85.75374999999998   -8.687305555555554   
  85.65954166666666   -8.683805555555555   
  85.39979166666666   -8.682833333333333   
  85.33145833333332   -8.677416666666666   
  85.39983333333332   -8.671166666666666   
  85.66991666666665   -8.669055555555554   
  85.69204166666665   -8.666888888888888   
  85.72804166666666   -8.666527777777777   
  85.71033333333332   -8.665972222222221   
  85.71870833333332   -8.65461111111111    
  85.34412499999999   -8.654444444444444   
  85.34554166666666   -8.653055555555554   
  85.76633333333332   -8.652555555555555   
  85.70824999999999   -8.650777777777776   
  85.71424999999999   -8.650527777777777   
  85.71679166666665   -8.649916666666666   
  85.65495833333333   -8.646305555555555   
  85.70291666666665   -8.641888888888888   
  85.71024999999999   -8.641416666666666   
  85.52266666666665   -8.641222222222222   
  85.70724999999999   -8.640472222222222   
  85.74141666666665   -8.64036111111111    
  85.697375           -8.63572222222222    
  85.69779166666666   -8.634472222222222   
  85.73491666666665   -8.629333333333332   
  85.47349999999999   -8.628666666666666   
  85.74329166666665   -8.62822222222222    
  85.79304166666665   -8.62436111111111    
  85.42679166666666   -8.618666666666666   
  85.72804166666666   -8.617777777777777   
  85.313375           -8.617638888888887   
  86.18133333333333   -8.614833333333332   
  85.36329166666665   -8.612749999999998   
  85.76083333333332   -8.596888888888888   
  85.39495833333332   -8.589749999999999   
  85.70941666666666   -8.57711111111111    
  85.92912499999998   -8.575               
  85.93170833333332   -8.571166666666665   
  85.79470833333332   -8.56536111111111    
  85.68758333333332   -8.560083333333333   
  85.35454166666666   -8.559972222222221   
  85.34395833333332   -8.557722222222221   
  85.62745833333332   -8.548638888888888   
  85.80629166666665   -8.516805555555555   
  85.66391666666665   -8.441194444444443   
  85.65704166666666   -8.420944444444443   
  85.81099999999999   -8.418222222222221   
  85.73729166666665   -8.380583333333332   
  85.76770833333332   -8.371805555555554   
  85.43691666666666   -8.358527777777777   
  85.71320833333333   -8.35447222222222    
  85.72329166666665   -8.33961111111111    
  85.94354166666666   -8.314444444444444   
  85.73837499999999   -8.307944444444443   
  85.69287499999999   -8.305333333333332   
  85.76825            -8.302999999999999   
  85.73912499999999   -8.296138888888887   
  85.14025            -8.295388888888889   
  85.76474999999999   -8.291749999999999   
  85.70591666666665   -8.285333333333332   
  85.81845833333333   -8.281916666666666   
  85.68458333333332   -8.279472222222221   
  85.76895833333332   -8.277555555555555   
  85.65924999999999   -8.276499999999999   
  85.67533333333333   -8.254194444444444   
  85.60824999999998   -8.250638888888888   
  85.64829166666665   -8.250499999999999   
  85.6895             -8.238222222222221   
  85.08079166666666   -8.237888888888888   
  85.70816666666666   -8.237666666666666   
  85.08729166666666   -8.23511111111111    
  85.81383333333332   -8.227666666666666   
  85.55945833333332   -8.22275             
  85.80587499999999   -8.218444444444444   
  85.37429166666665   -8.217166666666666   
  85.73979166666666   -8.212               
  85.70745833333332   -8.20286111111111    
  85.53341666666665   -8.200666666666665   
  85.54508333333332   -8.193305555555554   
  85.78541666666665   -8.19222222222222    
  85.52149999999999   -8.190722222222222   
  85.77866666666665   -8.187999999999999   
  85.10716666666666   -8.187999999999999   
  85.75866666666666   -8.187194444444444   
  85.20216666666666   -8.185833333333333   
  85.61449999999999   -8.184305555555554   
  85.62858333333332   -8.179333333333332   
  85.691375           -8.177916666666665   
  85.55629166666665   -8.167083333333332   
  85.64166666666665   -8.16661111111111    
  85.60595833333332   -8.165305555555555   
  85.61487499999998   -8.164527777777776   
  85.68058333333332   -8.16311111111111    
  85.63774999999998   -8.160666666666666   
  85.23529166666665   -8.158222222222221   
  85.68324999999999   -8.157416666666666   
  85.82729166666665   -8.156777777777776   
  85.74641666666666   -8.156583333333332   
  85.59470833333332   -8.156555555555554   
  85.59837499999999   -8.15286111111111    
  85.09095833333332   -8.148805555555555   
  85.71795833333333   -8.148638888888888   
  85.60729166666665   -8.14725             
  85.02158333333333   -8.143249999999998   
  85.13379166666665   -8.141749999999998   
  85.58987499999999   -8.14161111111111    
  85.63137499999999   -8.139722222222222   
  85.30837499999998   -8.13261111111111    
  85.54266666666666   -8.130277777777776   
  85.60095833333332   -8.129916666666666   
  85.59866666666666   -8.129833333333332   
  85.55666666666666   -8.129027777777777   
  85.71520833333332   -8.128083333333333   
  85.11312499999998   -8.126833333333332   
  85.18399999999998   -8.126333333333331   
  85.10399999999998   -8.125833333333333   
  85.19412499999999   -8.120249999999999   
  85.18762499999998   -8.110944444444444   
  85.62908333333333   -8.110555555555555   
  85.68383333333333   -8.107305555555554   
  85.75666666666666   -8.100999999999999   
  85.699125           -8.100944444444444   
  85.24883333333332   -8.100916666666665   
  85.20808333333332   -8.099749999999998   
  85.20020833333332   -8.099638888888888   
  85.69658333333332   -8.099138888888888   
  85.20841666666665   -8.098722222222221   
  85.21070833333333   -8.09686111111111    
  85.61487499999998   -8.09061111111111    
  85.1925             -8.090138888888887   
  85.53020833333332   -8.090083333333332   
  85.28841666666665   -8.085444444444443   
  85.58154166666665   -8.085444444444443   
  85.19504166666665   -8.081833333333332   
  85.75733333333332   -8.080583333333331   
  85.37737499999999   -8.07997222222222    
  85.37645833333332   -8.078444444444443   
  85.22354166666666   -8.073166666666665   
  85.37041666666666   -8.070305555555555   
  85.69762499999999   -8.068166666666666   
  85.15554166666665   -8.067499999999999   
  85.17070833333332   -8.038499999999999   
  85.64291666666665   -8.03672222222222    
  84.84249999999999   -8.026305555555554   
  84.71449999999999   -8.024305555555555   
  85.54604166666665   -8.018194444444443   
  85.52320833333333   -8.018166666666666   
  85.45716666666665   -8.008916666666666   
  85.42362499999999   -8.00511111111111    
  85.38912499999999   -7.998944444444444   
  85.47766666666665   -7.986777777777776   
  85.56074999999998   -7.982749999999999   
  85.60995833333332   -7.982388888888888   
  85.61037499999999   -7.980805555555555   
  85.55954166666666   -7.976444444444444   
  85.10562499999999   -7.975749999999999   
  85.62141666666666   -7.974916666666665   
  85.43212499999998   -7.972888888888888   
  85.43666666666665   -7.970916666666666   
  85.20579166666666   -7.960583333333332   
  85.10945833333332   -7.953888888888888   
  85.45508333333332   -7.953388888888888   
  85.53679166666666   -7.948527777777777   
  85.338625           -7.94836111111111    
  85.08554166666666   -7.944333333333332   
  85.08454166666665   -7.940249999999999   
  85.51220833333332   -7.939083333333333   
  85.43995833333332   -7.931944444444444   
  85.36025            -7.928305555555554   
  85.11591666666665   -7.926749999999999   
  85.10395833333332   -7.926499999999999   
  85.33383333333332   -7.923277777777777   
  85.38841666666666   -7.917249999999999   
  85.33920833333332   -7.916972222222221   
  85.37483333333333   -7.90586111111111    
  85.33104166666665   -7.896583333333332   
  85.31708333333333   -7.896416666666665   
  85.05883333333333   -7.896333333333332   
  85.32954166666666   -7.893722222222221   
  85.34054166666665   -7.88786111111111    
  84.94179166666666   -7.883472222222221   
  85.51812499999998   -7.873333333333332   
  85.51854166666665   -7.863805555555555   
  85.31954166666665   -7.854972222222221   
  84.90983333333332   -7.853638888888888   
  84.64658333333333   -7.838777777777777   
  85.14945833333333   -7.8359444444444435  
  84.61849999999998   -7.8335277777777765  
  85.47524999999999   -7.831444444444443   
  85.324125           -7.8310555555555545  
  85.35770833333332   -7.830722222222221   
  84.81183333333333   -7.828916666666665   
  85.36670833333332   -7.822888888888888   
  85.34454166666666   -7.821138888888888   
  85.07145833333333   -7.820666666666666   
  85.16054166666666   -7.819166666666666   
  85.07691666666666   -7.818527777777777   
  84.91758333333333   -7.8166666666666655  
  85.18158333333332   -7.813277777777777   
  85.249625           -7.804444444444443   
  85.239375           -7.802444444444443   
  85.245375           -7.800416666666665   
  85.16024999999999   -7.796333333333332   
  85.02608333333332   -7.795694444444443   
  85.279125           -7.787805555555555   
  85.27274999999999   -7.785444444444443   
  84.65241666666665   -7.776222222222221   
  85.20549999999999   -7.775694444444444   
  85.27941666666666   -7.772888888888888   
  85.26924999999999   -7.761138888888888   
  85.18395833333332   -7.752694444444443   
  85.17179166666665   -7.749222222222222   
  85.18437499999999   -7.7454166666666655  
  84.60374999999999   -7.743638888888888   
  84.69924999999999   -7.742388888888888   
  85.18483333333332   -7.737972222222221   
  84.90124999999999   -7.7308611111111105  
  85.26695833333332   -7.727333333333332   
  85.24924999999999   -7.720694444444444   
  85.09829166666665   -7.673666666666666   
  85.11583333333333   -7.663722222222221   
  85.148625           -7.663027777777777   
  85.15579166666666   -7.660083333333333   
  84.48087499999998   -7.658138888888888   
  84.60841666666666   -7.6330833333333326  
  85.13829166666666   -7.628777777777777   
  84.99683333333333   -7.625805555555554   
  85.13024999999999   -7.616999999999999   
  84.47195833333332   -7.562499999999999   
  85.05745833333333   -7.537805555555555   
  85.22612499999998   -7.530055555555554   
  84.973125           -7.515833333333332   
  84.63604166666666   -7.5144722222222216  
  85.04816666666666   -7.511333333333332   
  84.97908333333332   -7.505555555555555   
  84.98408333333332   -7.504138888888888   
  84.04874999999998   -7.50311111111111    
  84.97274999999999   -7.502638888888888   
  85.18612499999999   -7.4984722222222215  
  84.97941666666665   -7.49361111111111    
  85.06374999999998   -7.479666666666666   
  84.72704166666665   -7.464388888888888   
  84.97804166666666   -7.462249999999999   
  85.03320833333332   -7.461444444444443   
  85.04308333333333   -7.46061111111111    
  85.05087499999999   -7.450694444444443   
  84.81275            -7.449944444444443   
  84.84291666666665   -7.4456944444444435  
  84.99220833333332   -7.444777777777777   
  84.83379166666666   -7.443638888888888   
  84.95483333333333   -7.443527777777777   
  84.90737499999999   -7.439749999999999   
  84.95454166666666   -7.43811111111111    
  84.89783333333332   -7.437916666666665   
  84.86274999999999   -7.437055555555554   
  84.99224999999998   -7.437027777777777   
  84.82524999999998   -7.436416666666665   
  84.91874999999999   -7.434305555555555   
  83.83141666666666   -7.4337777777777765  
  84.82029166666666   -7.433388888888888   
  85.085              -7.431666666666666   
  84.86399999999999   -7.431583333333332   
  85.02141666666665   -7.4288333333333325  
  84.99545833333332   -7.425972222222221   
  84.98054166666665   -7.411055555555555   
  85.10004166666666   -7.40786111111111    
  84.90987499999999   -7.406638888888888   
  84.91033333333333   -7.404694444444443   
  84.40416666666665   -7.404638888888888   
  84.86808333333332   -7.404305555555554   
  84.95162499999999   -7.4041388888888875  
  85.02737499999999   -7.400472222222222   
  85.02725            -7.399638888888888   
  84.926875           -7.387916666666666   
  84.94091666666665   -7.376999999999999   
  84.68454166666666   -7.374416666666666   
  85.18787499999999   -7.3736388888888875  
  84.88462499999999   -7.373388888888888   
  84.94570833333333   -7.373361111111111   
  84.51724999999999   -7.36786111111111    
  84.34449999999998   -7.356888888888888   
  84.71824999999998   -7.35261111111111    
  84.57983333333333   -7.347416666666666   
  83.91395833333333   -7.343999999999999   
  84.86912499999998   -7.341972222222221   
  84.7105             -7.341638888888888   
  84.91262499999999   -7.341388888888888   
  84.91033333333333   -7.340222222222221   
  84.93079166666665   -7.339194444444444   
  84.70837499999999   -7.338472222222221   
  84.93449999999999   -7.336249999999999   
  84.813375           -7.325805555555554   
  84.89770833333333   -7.3238611111111105  
  85.05791666666666   -7.323805555555555   
  85.07008333333333   -7.31861111111111    
  84.95249999999999   -7.318083333333332   
  84.33283333333333   -7.315999999999999   
  84.64841666666666   -7.306555555555555   
  84.51666666666665   -7.297305555555555   
  84.83554166666666   -7.291944444444444   
  84.64091666666666   -7.284194444444443   
  84.74437499999999   -7.27936111111111    
  84.52058333333332   -7.269666666666666   
  84.50337499999999   -7.264972222222221   
  84.11512499999999   -7.227416666666666   
  84.67824999999999   -7.212166666666666   
  84.72912499999998   -7.198249999999999   
  84.31837499999999   -7.196222222222222   
  84.44924999999999   -7.193861111111111   
  83.74587499999998   -7.187666666666666   
  84.77233333333332   -7.184777777777777   
  84.69316666666666   -7.184777777777777   
  84.65262499999999   -7.183388888888888   
  84.57258333333333   -7.160972222222221   
  84.78966666666666   -7.154916666666666   
  84.53145833333332   -7.1540277777777765  
  84.599375           -7.127472222222221   
  84.72887499999999   -7.119722222222221   
  84.55599999999998   -7.112055555555554   
  84.69583333333333   -7.1090833333333325  
  84.752625           -7.1083333333333325  
  84.69887499999999   -7.10411111111111    
  84.67299999999999   -7.099805555555554   
  84.83820833333333   -7.095999999999999   
  84.77179166666666   -7.094999999999999   
  84.69391666666665   -7.093722222222222   
  84.76066666666665   -7.092749999999999   
  84.68370833333333   -7.092166666666666   
  84.08554166666666   -7.092138888888888   
  84.53808333333332   -7.090499999999999   
  84.69504166666665   -7.08586111111111    
  84.72487499999998   -7.0835277777777765  
  84.59779166666665   -7.07911111111111    
  84.78133333333332   -7.077888888888888   
  84.73120833333333   -7.074805555555555   
  84.30829166666666   -7.061472222222221   
  84.67783333333333   -7.058388888888888   
  84.76724999999999   -7.058277777777777   
  84.30804166666665   -7.056444444444444   
  84.68316666666665   -7.052638888888888   
  84.40274999999998   -7.051222222222221   
  84.69479166666666   -7.047027777777777   
  84.68662499999999   -7.046388888888888   
  84.71624999999999   -7.0441111111111105  
  84.66916666666665   -7.039972222222222   
  84.71720833333332   -7.039694444444444   
  84.52004166666666   -7.03936111111111    
  84.71154166666666   -7.037333333333333   
  84.71824999999998   -7.037166666666666   
  84.69045833333332   -7.032916666666666   
  84.73541666666665   -7.032055555555555   
  84.69670833333332   -7.031499999999999   
  84.67275            -7.031249999999999   
  84.483375           -7.030499999999999   
  84.70991666666666   -7.030194444444444   
  83.73812499999998   -7.0297222222222215  
  84.72675            -7.026527777777777   
  84.68066666666665   -7.026277777777777   
  84.58841666666666   -7.022361111111111   
  84.755              -7.019305555555555   
  84.69704166666665   -7.016694444444443   
  84.62087499999998   -7.0163055555555545  
  84.90170833333332   -7.016277777777777   
  84.70345833333332   -7.012055555555555   
  84.66658333333332   -7.011722222222222   
  84.68399999999998   -7.011222222222221   
  84.72025            -7.006722222222221   
  84.690125           -7.005527777777777   
  84.70174999999999   -7.001777777777777   
  84.702125           -7.0003055555555544  
  84.69520833333333   -6.998833333333333   
  84.13974999999999   -6.995166666666666   
  84.55341666666665   -6.994472222222221   
  84.67929166666666   -6.990805555555554   
  84.14758333333332   -6.988027777777777   
  84.66704166666666   -6.987388888888888   
  84.31462499999999   -6.98436111111111    
  84.47995833333333   -6.9786666666666655  
  84.67533333333333   -6.978583333333332   
  84.48220833333332   -6.977194444444444   
  84.66574999999999   -6.97486111111111    
  84.68262499999999   -6.9728611111111105  
  84.47287499999999   -6.971027777777777   
  84.64970833333332   -6.970999999999999   
  84.68720833333332   -6.970722222222221   
  84.68004166666665   -6.969138888888888   
  84.41933333333333   -6.9639999999999995  
  84.64408333333333   -6.963222222222221   
  84.47691666666665   -6.958638888888888   
  84.464125           -6.952666666666666   
  84.54366666666665   -6.951888888888888   
  84.66670833333332   -6.949527777777777   
  84.46545833333332   -6.947722222222222   
  84.67474999999999   -6.945416666666666   
  84.67866666666666   -6.944666666666666   
  84.45624999999998   -6.9409166666666655  
  83.83874999999999   -6.9401111111111105  
  84.37766666666666   -6.935111111111111   
  84.27395833333333   -6.929888888888888   
  84.61524999999999   -6.914916666666666   
  84.34229166666665   -6.912611111111111   
  84.73766666666666   -6.883055555555555   
  84.63316666666665   -6.877472222222221   
  84.33808333333332   -6.8766944444444436  
  84.10216666666666   -6.876194444444444   
  84.45558333333332   -6.860388888888888   
  84.55229166666666   -6.850944444444443   
  84.61154166666665   -6.848666666666666   
  83.95908333333333   -6.844499999999999   
  84.43524999999998   -6.843555555555555   
  83.878875           -6.843027777777777   
  83.80008333333332   -6.831777777777777   
  84.05512499999999   -6.828333333333332   
  84.53866666666666   -6.821333333333333   
  84.483375           -6.815249999999999   
  84.03441666666666   -6.810083333333332   
  84.69291666666666   -6.80761111111111    
  83.80641666666665   -6.800944444444443   
  84.60633333333332   -6.799305555555555   
  83.85462499999998   -6.799027777777777   
  84.44683333333332   -6.765472222222221   
  83.86287499999999   -6.763388888888888   
  84.08916666666666   -6.760222222222222   
  83.87929166666666   -6.755055555555555   
  83.64633333333332   -6.748083333333333   
  84.345125           -6.7462777777777765  
  84.51029166666666   -6.745888888888888   
  84.02066666666666   -6.7452499999999995  
  84.18274999999998   -6.742777777777777   
  84.11704166666665   -6.742444444444444   
  84.13770833333332   -6.741472222222221   
  84.09825            -6.740749999999999   
  84.13687499999999   -6.739166666666666   
  84.43224999999998   -6.738638888888888   
  84.28691666666666   -6.732972222222221   
  84.11154166666665   -6.728749999999999   
  84.49495833333333   -6.726027777777777   
  84.49524999999998   -6.725305555555555   
  84.21954166666666   -6.718999999999999   
  84.04829166666666   -6.717861111111111   
  84.10595833333332   -6.715944444444443   
  84.14891666666665   -6.713888888888888   
  84.12583333333332   -6.71286111111111    
  84.02083333333333   -6.712222222222222   
  83.98929166666666   -6.71161111111111    
  84.00691666666665   -6.710027777777777   
  84.00062499999999   -6.70936111111111    
  83.99929166666665   -6.708499999999999   
  84.44604166666666   -6.708388888888888   
  83.74587499999998   -6.704916666666666   
  84.40679166666665   -6.6988611111111105  
  84.20933333333332   -6.698472222222222   
  84.5135             -6.696388888888888   
  84.09145833333332   -6.694999999999999   
  84.20891666666665   -6.69136111111111    
  84.17062499999999   -6.688277777777777   
  84.13504166666665   -6.678583333333332   
  83.98862499999998   -6.674499999999999   
  83.48979166666666   -6.668166666666666   
  83.89241666666666   -6.662055555555555   
  83.69995833333333   -6.6619722222222215  
  84.42408333333333   -6.659555555555555   
  84.38516666666665   -6.651416666666666   
  83.62104166666666   -6.6476944444444435  
  84.12104166666666   -6.644666666666666   
  83.90266666666666   -6.642694444444444   
  84.25549999999998   -6.62536111111111    
  84.19733333333332   -6.623694444444443   
  83.99262499999999   -6.611916666666666   
  84.48754166666666   -6.6091944444444435  
  84.44766666666665   -6.608277777777777   
  83.88279166666666   -6.607027777777777   
  83.56562499999998   -6.601249999999999   
  84.47112499999999   -6.5987777777777765  
  84.10533333333332   -6.595388888888888   
  83.63770833333332   -6.589777777777777   
  84.11049999999999   -6.587277777777777   
  84.30516666666665   -6.583499999999999   
  83.92808333333332   -6.581027777777777   
  83.71424999999999   -6.57411111111111    
  83.55308333333332   -6.573944444444444   
  83.79458333333332   -6.571027777777777   
  84.25054166666665   -6.566166666666666   
  84.25033333333332   -6.55761111111111    
  84.15379166666665   -6.556722222222222   
  84.25383333333332   -6.5529722222222215  
  83.57054166666666   -6.547055555555555   
  84.02758333333333   -6.538083333333333   
  83.64158333333333   -6.536027777777777   
  83.52891666666666   -6.535555555555555   
  84.02737499999999   -6.528583333333333   
  83.51849999999999   -6.527222222222221   
  83.58504166666665   -6.520805555555555   
  83.97366666666666   -6.515194444444443   
  83.52591666666666   -6.512499999999999   
  83.70133333333332   -6.5074444444444435  
  83.86783333333332   -6.506166666666666   
  84.16383333333333   -6.502972222222222   
  84.16945833333332   -6.502527777777777   
  83.86899999999999   -6.501027777777777   
  83.98729166666665   -6.49386111111111    
  84.02112499999998   -6.492305555555554   
  84.377625           -6.490749999999999   
  84.24570833333333   -6.484638888888888   
  84.07129166666665   -6.472305555555555   
  83.93399999999998   -6.471166666666666   
  83.70804166666666   -6.470027777777777   
  84.234              -6.464666666666666   
  83.82883333333332   -6.457027777777777   
  84.15629166666666   -6.454777777777777   
  83.67974999999998   -6.454083333333332   
  83.87679166666666   -6.452055555555555   
  84.08812499999999   -6.449083333333332   
  84.00366666666666   -6.4433333333333325  
  83.61174999999999   -6.440583333333333   
  84.38045833333332   -6.438305555555555   
  84.09087499999998   -6.43386111111111    
  83.94120833333332   -6.433083333333332   
  84.02566666666665   -6.431333333333333   
  84.08066666666666   -6.430833333333332   
  84.11616666666666   -6.426722222222222   
  84.08483333333332   -6.42186111111111    
  83.79999999999998   -6.41936111111111    
  84.00454166666665   -6.418749999999999   
  84.04858333333333   -6.416222222222221   
  84.10879166666666   -6.41436111111111    
  83.82416666666666   -6.410666666666666   
  84.08116666666666   -6.410527777777777   
  84.03458333333332   -6.410499999999999   
  84.03966666666666   -6.409333333333333   
  84.359              -6.402166666666666   
  84.127              -6.399083333333333   
  83.72508333333332   -6.397361111111111   
  83.52058333333332   -6.396444444444444   
  84.09354166666665   -6.395722222222221   
  83.99099999999999   -6.395638888888888   
  83.91075            -6.395333333333332   
  84.0525             -6.394277777777777   
  83.84649999999999   -6.393527777777777   
  84.10766666666666   -6.392083333333333   
  84.08824999999999   -6.391972222222221   
  84.05395833333333   -6.391833333333333   
  83.90541666666665   -6.390749999999999   
  84.13270833333333   -6.3896944444444435  
  84.08537499999998   -6.389444444444444   
  83.97629166666665   -6.3888333333333325  
  84.11541666666666   -6.386694444444443   
  84.09904166666665   -6.3864166666666655  
  84.12529166666666   -6.386138888888888   
  84.08975            -6.381222222222221   
  84.07945833333332   -6.380749999999999   
  84.0735             -6.380416666666666   
  83.92091666666666   -6.379277777777777   
  83.70129166666666   -6.378583333333332   
  84.08724999999998   -6.377416666666666   
  83.33741666666666   -6.375916666666666   
  84.10195833333333   -6.37311111111111    
  84.08258333333332   -6.372944444444443   
  84.04770833333332   -6.372805555555555   
  83.93062499999999   -6.37211111111111    
  84.08579166666665   -6.371083333333332   
  83.33287499999999   -6.368277777777777   
  83.32566666666665   -6.367333333333333   
  84.11558333333332   -6.365833333333333   
  84.103              -6.365138888888888   
  84.08754166666665   -6.364749999999999   
  83.45954166666665   -6.36361111111111    
  83.92841666666665   -6.3623611111111105  
  83.69966666666666   -6.36161111111111    
  83.94837499999998   -6.360027777777777   
  83.866875           -6.3591944444444435  
  84.09429166666665   -6.357666666666666   
  83.90549999999999   -6.355333333333332   
  83.47741666666666   -6.355222222222221   
  83.49779166666666   -6.355083333333332   
  84.07695833333332   -6.344083333333333   
  84.23004166666665   -6.340444444444444   
  84.09579166666666   -6.339888888888888   
  83.62279166666666   -6.331999999999999   
  83.86312499999998   -6.328277777777777   
  83.59645833333332   -6.328055555555554   
  83.69854166666666   -6.32786111111111    
  83.73924999999998   -6.32586111111111    
  83.77516666666665   -6.325777777777777   
  83.99312499999999   -6.3255277777777765  
  83.86391666666665   -6.325416666666666   
  84.13474999999998   -6.322194444444444   
  84.25970833333332   -6.316749999999999   
  83.84062499999999   -6.314166666666666   
  84.27308333333332   -6.310805555555555   
  83.38749999999999   -6.310444444444443   
  83.90449999999998   -6.306666666666666   
  83.85687499999999   -6.304999999999999   
  83.68933333333332   -6.295666666666666   
  84.06287499999999   -6.293527777777777   
  84.10333333333332   -6.291777777777777   
  84.07183333333332   -6.2901388888888885  
  84.04708333333332   -6.282222222222221   
  83.60629166666665   -6.275194444444444   
  83.87270833333332   -6.274083333333333   
  83.65124999999999   -6.2734444444444435  
  83.92537499999999   -6.272361111111111   
  83.99883333333332   -6.268472222222221   
  83.78754166666666   -6.264083333333333   
  83.42479166666665   -6.263555555555555   
  83.98870833333332   -6.2604999999999995  
  84.00445833333332   -6.258749999999999   
  84.18233333333332   -6.257888888888888   
  84.13870833333333   -6.2566944444444434  
  83.81066666666666   -6.253472222222221   
  83.81099999999999   -6.252083333333332   
  84.15408333333332   -6.2494444444444435  
  84.06595833333333   -6.24736111111111    
  83.89129166666666   -6.242416666666666   
  83.63833333333332   -6.24136111111111    
  84.02766666666666   -6.2404722222222215  
  83.86616666666666   -6.237499999999999   
  83.99270833333333   -6.234527777777777   
  83.96379166666665   -6.2315              
  83.39320833333332   -6.231277777777777   
  84.16833333333332   -6.225916666666666   
  84.06137499999998   -6.2213611111111105  
  83.856625           -6.217916666666666   
  83.53312499999998   -6.209444444444443   
  83.95358333333333   -6.202138888888888   
  83.84487499999999   -6.2013333333333325  
  83.946125           -6.195833333333333   
  83.92575            -6.195499999999999   
  83.98562499999998   -6.191833333333332   
  83.64008333333332   -6.188694444444444   
  83.97641666666665   -6.188666666666665   
  83.96933333333332   -6.186555555555555   
  84.16979166666665   -6.18561111111111    
  83.72483333333332   -6.181027777777777   
  83.20808333333332   -6.179305555555555   
  83.86158333333333   -6.17611111111111    
  84.16904166666666   -6.175888888888888   
  84.04024999999999   -6.175166666666666   
  84.24745833333333   -6.170999999999999   
  83.38112499999998   -6.165027777777777   
  83.81604166666665   -6.162999999999999   
  83.93387499999999   -6.158527777777777   
  84.24679166666665   -6.1545              
  84.13845833333332   -6.148638888888888   
  83.89554166666666   -6.143527777777777   
  83.93320833333333   -6.141333333333333   
  83.64454166666665   -6.141027777777777   
  84.13145833333333   -6.140972222222222   
  84.14554166666666   -6.139055555555554   
  84.19787499999998   -6.138972222222222   
  84.10874999999999   -6.134361111111111   
  83.74741666666665   -6.122999999999999   
  83.83704166666665   -6.121583333333333   
  83.35633333333332   -6.109472222222221   
  83.73512499999998   -6.1059166666666655  
  83.52504166666665   -6.103249999999999   
  83.42333333333332   -6.101999999999999   
  83.41562499999999   -6.100888888888888   
  83.79183333333333   -6.093416666666666   
  83.65066666666665   -6.092972222222222   
  83.66758333333333   -6.09236111111111    
  84.10308333333332   -6.086972222222221   
  83.87683333333332   -6.08361111111111    
  83.84979166666666   -6.082222222222222   
  83.51045833333332   -6.075333333333332   
  83.43912499999999   -6.073833333333333   
  83.33254166666666   -6.073083333333333   
  83.39333333333332   -6.072222222222221   
  83.70645833333332   -6.0691944444444434  
  83.83741666666666   -6.06686111111111    
  83.55266666666665   -6.066388888888888   
  83.75574999999999   -6.065472222222222   
  83.83049999999999   -6.063111111111111   
  84.02629166666665   -6.054277777777777   
  83.89437499999998   -6.046416666666666   
  83.99554166666665   -6.044277777777777   
  83.90624999999999   -6.041833333333333   
  83.90499999999999   -6.041722222222221   
  83.50445833333332   -6.040694444444443   
  83.75116666666666   -6.037388888888888   
  84.31020833333332   -6.036833333333332   
  83.576              -6.033361111111111   
  84.02920833333333   -6.03061111111111    
  83.85208333333333   -6.029527777777777   
  84.31166666666665   -6.028277777777777   
  83.81516666666666   -6.024444444444444   
  83.75220833333333   -6.023166666666666   
  84.25420833333332   -6.021222222222222   
  83.84537499999999   -6.021166666666666   
  84.28779166666665   -6.018583333333333   
  83.86820833333333   -6.016805555555555   
  84.06491666666666   -6.013999999999999   
  83.76558333333332   -6.003722222222222   
  83.74374999999999   -6.0001388888888885  
  83.91629166666665   -5.987083333333333   
  83.868              -5.987027777777777   
  83.88066666666666   -5.977833333333333   
  83.83024999999999   -5.975555555555554   
  83.82124999999999   -5.975055555555555   
  83.82354166666666   -5.973999999999999   
  83.89791666666666   -5.971916666666666   
  83.68149999999999   -5.969472222222222   
  83.91308333333332   -5.968444444444444   
  83.62895833333332   -5.967666666666666   
  83.19466666666666   -5.9672222222222215  
