# _RAJ2000      _DEJ2000     
  82.3473375    -4.51566583  
  82.50312917   -5.26253583  
  82.62092083   -3.94523278  
  82.62746667   -4.41392806  
  82.66002083   -5.42878278  
  82.679625     -4.26507139  
  82.71477083   -4.17633917  
  82.737725     -4.21571278  
  82.862875     -4.46648389  
  82.95570417   -6.00537694  
  82.96547083   -5.38561889  
  82.97942083   -4.38137889  
  82.98737917   -3.62687611  
  82.9926625    -4.11155778  
  83.00130417   -4.93161361  
  83.0259       -4.9360625   
  83.04752917   -5.62888583  
  83.06180833   -6.34854389  
  83.06305      -5.58344389  
  83.0781125    -5.22744389  
  83.08276667   -5.61503583  
  83.10005833   -5.08987278  
  83.10296667   -4.28024722  
  83.10695      -3.72047694  
  83.11192917   -5.26848972  
  83.117925     -5.5724675   
  83.15255833   -4.693405    
  83.15333333   -5.16608306  
  83.15619583   -5.21146194  
  83.173525     -5.60319028  
  83.17355      -5.59614722  
  83.17698333   -5.59883694  
  83.17839167   -5.59915111  
  83.18046667   -5.59774056  
  83.180925     -5.59922389  
  83.18185417   -5.5983225   
  83.18337917   -6.49600222  
  83.18530833   -5.55936667  
  83.18560417   -5.40420611  
  83.191625     -5.58620278  
  83.19475      -5.96722972  
  83.19714167   -5.66184694  
  83.19965      -6.49215444  
  83.200525     -5.57790194  
  83.20254583   -5.58105222  
  83.20340417   -5.51509583  
  83.20802917   -6.17933806  
  83.21066667   -5.578445    
  83.2136       -3.67677694  
  83.21624167   -5.59047083  
  83.2262375    -5.62084222  
  83.2320875    -5.17463306  
  83.23239583   -5.61727     
  83.23419167   -4.95203417  
  83.2371       -5.21324389  
  83.23784583   -4.56649278  
  83.246875     -5.40723278  
  83.2479625    -3.97023194  
  83.2573125    -4.82179028  
  83.259325     -5.44031972  
  83.25954167   -5.70862944  
  83.26353333   -5.76114361  
  83.264975     -4.98215583  
  83.27183333   -4.64963472  
  83.27594583   -4.97663028  
  83.27729167   -6.72581389  
  83.28169583   -4.48255417  
  83.29108333   -4.99673556  
  83.29385      -5.70679083  
  83.29622083   -4.48201139  
  83.30515833   -4.28074528  
  83.31216667   -5.50928861  
  83.32196667   -4.92826722  
  83.3255625    -4.37866306  
  83.32565417   -6.36736139  
  84.82128333   -7.40694333  
  83.326575     -6.87118917  
  83.33252083   -6.07311833  
  83.3329       -6.36826806  
  83.33743333   -6.37592889  
  83.339025     -5.35963583  
  83.34370417   -5.38419694  
  83.3533625    -4.90312278  
  83.35459583   -4.05838278  
  83.3563875    -6.10956667  
  83.358        -5.20075722  
  83.36174583   -5.12036861  
  83.3663625    -5.23351417  
  83.367025     -5.93332722  
  83.36882917   -5.29062472  
  83.3778875    -5.03745667  
  83.37797083   -5.84475278  
  83.3781625    -5.2311125   
  83.37939167   -3.2892525   
  83.38000417   -5.49933944  
  83.3812       -6.16504361  
  83.38551667   -6.49560389  
  83.38560417   -5.53201444  
  83.387575     -6.31043222  
  83.38769583   -5.19874583  
  83.39125417   -5.55734083  
  83.39272917   -4.72938472  
  83.39290417   -4.73835167  
  83.3933125    -6.23129278  
  83.393225     -6.07222056  
  83.393475     -5.23825667  
  83.39953333   -5.02568583  
  83.4059875    -4.17108833  
  83.41067083   -5.22011528  
  83.41313333   -5.94492778  
  83.41569167   -6.10085444  
  83.42335      -6.102045    
  83.42364167   -5.40117889  
  83.42468333   -5.10406806  
  83.42475833   -6.26355556  
  83.42996667   -4.78728111  
  83.43305      -6.22951611  
  83.43313333   -5.95460361  
  83.43663333   -5.23607389  
  83.438175     -6.23329417  
  83.43857083   -5.51385083  
  83.43860833   -5.69020667  
  83.439075     -6.07371278  
  83.43920833   -4.59102139  
  83.4393875    -5.60898472  
  83.43989583   -5.01279806  
  83.44114583   -5.54947972  
  83.4436625    -5.953515    
  83.44451667   -5.39044278  
  83.44854583   -5.43015667  
  83.44876667   -4.86902083  
  83.449875     -5.46067139  
  83.45090833   -5.22394278  
  83.4511625    -5.45146361  
  83.4564125    -5.60578472  
  83.45956667   -6.36359472  
  83.45947083   -4.64282389  
  83.4614125    -5.01095583  
  83.46381667   -5.38789889  
  83.46395      -4.80616278  
  83.5328       -5.67790861  
  83.4658       -5.55099194  
  83.46817917   -5.69727278  
  83.4753875    -5.3637575   
  83.47657083   -5.75352111  
  83.4770875    -5.53342278  
  83.4774875    -6.35520278  
  83.47815      -4.27422889  
  83.47891667   -4.63892556  
  83.48133333   -5.43265889  
  83.4825       -4.79713667  
  83.48337083   -5.34462611  
  83.4847125    -5.92509278  
  83.48494583   -4.59163528  
  83.4857       -5.65122278  
  83.48886667   -4.98769778  
  83.48885      -5.39152333  
  83.48982083   -6.66818556  
  83.49145833   -6.77492472  
  83.49232917   -4.60685056  
  83.4941125    -5.60952694  
  83.4968375    -5.77310417  
  83.49774583   -6.35507833  
  83.50072917   -5.15394722  
  83.50143333   -5.59539889  
  83.50453333   -6.04078083  
  83.50615833   -4.62194139  
  83.50845      -4.74821583  
  83.5090625    -5.60541667  
  83.51038333   -6.07524944  
  83.51115      -5.55083444  
  83.51250833   -5.61590583  
  83.51599167   -4.60172167  
  83.5186       -6.527185    
  83.51928333   -5.37294     
  83.5195625    -4.85863306  
  83.51961667   -4.84713278  
  83.5202125    -5.41263417  
  83.52060417   -6.39637028  
  83.52093333   -4.66761333  
  83.5248125    -5.37877083  
  83.52495      -6.10324806  
  83.525975     -6.51251083  
  83.528975     -6.53551694  
  83.53047917   -5.22929167  
  83.5324125    -5.92975583  
  83.53304583   -6.2094175   
  83.5332125    -5.60474167  
  83.5347625    -6.86570833  
  83.53460833   -4.8078475   
  83.54315833   -5.32754778  
  83.54364167   -4.84309667  
  83.54360417   -4.84096194  
  83.546425     -4.51491972  
  83.54744583   -4.85637667  
  83.54752083   -5.0906625   
  83.5479375    -5.50551111  
  83.54832917   -5.92275778  
  83.5485875    -5.94644361  
  83.5495375    -5.10447     
  83.55087917   -4.83533417  
  83.55261667   -4.84019972  
  83.55264583   -6.06631806  
  83.5530625    -6.5739425   
  83.55370417   -5.48006083  
  83.5543875    -5.56345222  
  83.55500417   -5.56487389  
  83.55608333   -5.92826583  
  83.5745125    -3.55985111  
  83.55630833   -5.59406139  
  83.55740417   -5.00112639  
  83.55766667   -5.13314083  
  83.55784167   -5.59353472  
  83.55900417   -5.61506389  
  83.55918333   -5.70583778  
  83.56120417   -4.89850333  
  83.56130833   -5.88543083  
  83.5635625    -5.08102694  
  83.56527917   -5.54003972  
  83.56547917   -5.47757583  
  83.56561667   -6.60128667  
  83.56620833   -6.57573417  
  83.56810417   -4.82418583  
  83.5685875    -5.61265389  
  83.56901667   -5.79402639  
  83.56910833   -3.95629778  
  83.57030417   -5.07251472  
  83.57061667   -6.54715694  
  83.5710375    -4.80099806  
  83.57209583   -5.38001194  
  83.57411667   -4.30287528  
  83.57546667   -5.47598083  
  83.5759875    -4.47623083  
  83.57593333   -6.03334111  
  83.5763875    -6.90717889  
  83.57735      -5.07997778  
  83.57780833   -5.61890333  
  83.57844167   -4.57298139  
  83.58144583   -5.50551167  
  83.582875     -3.84660278  
  83.58513333   -6.52088     
  83.58551667   -5.31252278  
  83.586175     -4.58386111  
  83.58590833   -5.39091444  
  83.58644167   -5.51352167  
  83.58857917   -4.84241028  
  83.58911667   -4.92085556  
  83.58977917   -5.42315583  
  83.59123333   -5.25847639  
  83.59204167   -5.02627417  
  83.59577083   -4.69423583  
  83.59652917   -6.32806528  
  83.70889167   -5.33330972  
  83.59759583   -4.27940444  
  83.59767083   -4.8813775   
  83.59985833   -5.47632     
  83.60320833   -4.45921361  
  83.60589167   -4.94862389  
  83.60634583   -6.27525056  
  83.60644167   -5.61727389  
  83.60692083   -5.36599944  
  83.60722083   -4.94873972  
  83.607825     -4.94095667  
  83.60900833   -5.44177389  
  83.61022083   -5.62795417  
  83.61148333   -5.69924917  
  83.6116375    -5.47559889  
  83.61179583   -6.44050639  
  83.61242083   -5.30090694  
  83.6142875    -5.00730833  
  83.61520417   -4.9514375   
  83.6153       -5.62200389  
  83.6163625    -5.44295389  
  83.61670417   -5.22675583  
  83.616975     -5.08939722  
  83.61747083   -4.21904944  
  83.61754167   -5.44437056  
  83.61882917   -5.41607583  
  83.6188375    -5.58816639  
  83.61902917   -5.50903056  
  83.62007083   -7.25435222  
  83.62056667   -5.14401278  
  83.62069583   -5.39667583  
  83.62112083   -6.64771083  
  83.6219125    -5.24437083  
  83.62345417   -5.5961675   
  83.62287083   -5.23199278  
  83.62281667   -6.33200889  
  83.62292083   -4.92517417  
  83.62310417   -4.75074472  
  83.62343333   -5.05204278  
  83.62333333   -5.79019167  
  83.62410417   -4.86324778  
  83.6252375    -4.83073389  
  83.62597083   -4.97719278  
  83.62602917   -5.19671667  
  83.62700833   -5.36555944  
  83.62767083   -4.59795583  
  83.62791667   -4.20059194  
  83.62848333   -4.37240389  
  83.62902083   -5.9676675   
  83.62974583   -5.36552278  
  83.63199583   -5.47413667  
  83.63209167   -3.86426389  
  83.6334125    -5.46184278  
  83.6342875    -5.69678583  
  83.6359       -6.95300667  
  83.63607917   -5.35206389  
  83.63651667   -4.97963778  
  83.63755417   -5.74434917  
  83.63772083   -6.58982667  
  83.63830833   -6.24130722  
  83.6396       -5.71476083  
  83.6398875    -5.36909861  
  83.64002917   -6.1887375   
  83.64049583   -5.67298611  
  83.64095833   -5.4550425   
  83.64149167   -5.58089389  
  83.6416875    -6.53602111  
  83.6415       -5.80690333  
  83.64143333   -5.47347472  
  83.64201667   -4.98055917  
  83.64236667   -4.80774667  
  83.64237083   -5.08805167  
  83.6436       -5.05192472  
  83.64451667   -6.14106583  
  83.64610417   -5.61681528  
  83.64630417   -4.80996139  
  83.64635      -6.74814083  
  83.64650833   -4.87167139  
  83.64665833   -5.57561083  
  83.64765417   -5.66616306  
  83.64839167   -5.73003694  
  83.64899167   -5.66929083  
  83.64990833   -4.87168028  
  83.6506       -6.09296583  
  83.65089583   -4.39297056  
  83.65128333   -6.27343167  
  83.6522625    -5.60476167  
  83.6540375    -4.81971472  
  83.65458333   -5.51914778  
  83.65610833   -5.58109167  
  83.65637083   -5.68814778  
  83.65653333   -5.71962778  
  83.65714583   -4.81600917  
  83.65901667   -5.08810083  
  83.65925      -5.40657778  
  83.6614125    -5.06824528  
  83.6616375    -4.6602675   
  83.66221667   -5.96488833  
  83.66297083   -5.56729806  
  83.663025     -4.03597889  
  83.66339167   -6.36094194  
  83.66332083   -5.08137472  
  83.663525     -4.88974917  
  83.66406667   -5.02963     
  83.66608333   -5.50185056  
  83.666175     -6.42056417  
  83.66660417   -5.50121444  
  83.66662917   -5.16862778  
  83.666525     -4.84654972  
  83.66697917   -5.66927278  
  83.66748333   -6.09228278  
  83.66775      -5.75244833  
  83.72665417   -5.28921194  
  83.66865      -4.96098417  
  83.66935417   -5.11629111  
  83.67007083   -5.44409167  
  83.67013333   -5.46930583  
  83.67026667   -5.37842472  
  83.670125     -5.52848028  
  83.67055833   -5.43333861  
  83.67157083   -5.76989472  
  83.67155      -5.83925528  
  83.67211667   -5.73427722  
  83.6726125    -4.65382917  
  83.67275833   -5.79892472  
  83.6737875    -5.44804972  
  83.6738625    -5.61353361  
  83.67387917   -5.89347639  
  83.6741       -4.89617472  
  83.67445417   -5.91738861  
  83.6743875    -4.94953944  
  83.67452083   -4.89396389  
  83.67487917   -5.75623889  
  83.67495      -5.75016     
  83.67482083   -5.3589025   
  83.73613333   -5.24787639  
  83.67518333   -5.07546472  
  83.6758       -5.55097583  
  83.67648333   -4.41298528  
  83.67684583   -5.72374944  
  83.67700833   -5.37949778  
  83.67806667   -5.47709667  
  83.67845417   -5.68887389  
  83.67976667   -5.74444667  
  83.67983333   -6.45405083  
  83.68107917   -5.24515972  
  83.68132083   -4.86009917  
  83.681475     -5.96952556  
  83.68150833   -4.80576194  
  83.68322917   -4.6606725   
  83.6832875    -5.69081556  
  83.68372083   -3.99624722  
  83.68465833   -4.88354111  
  83.6853625    -5.41067778  
  83.68626667   -4.78257778  
  83.68642917   -5.56171083  
  83.68652917   -4.94468361  
  83.6865625    -4.90140361  
  83.68667083   -5.37736889  
  83.74815417   -5.40005583  
  83.68703333   -5.20882722  
  83.68740417   -5.11375472  
  83.6875125    -4.93313861  
  83.68777083   -5.10560833  
  83.68785417   -4.36260306  
  83.68828333   -5.17989889  
  83.68841667   -5.66586056  
  83.68940833   -6.29566583  
  83.68950833   -5.33513306  
  83.69012917   -5.44871167  
  83.69057917   -5.72880111  
  83.69114167   -5.68602389  
  83.69150417   -5.38074472  
  83.69201667   -4.81268083  
  83.69272917   -4.78737556  
  83.692875     -5.65214083  
  83.69346667   -4.87537528  
  83.69403333   -5.39044083  
  83.69455833   -5.3568525   
  83.69488333   -5.43467333  
  83.69495833   -5.35808333  
  83.69531667   -5.50553111  
  83.695575     -5.74756694  
  83.69575833   -5.57071472  
  83.69576667   -5.58428444  
  83.69669167   -5.30275611  
  83.69705      -5.69885917  
  83.69805      -5.96580083  
  83.698475     -4.83370389  
  83.69857083   -6.32780472  
  83.69858333   -5.623625    
  83.69889167   -5.44225389  
  83.69955417   -5.51293167  
  83.699725     -6.36160944  
  83.69972917   -5.39454778  
  83.69977917   -5.08194278  
  83.69990833   -6.66200806  
  83.70005      -5.44494889  
  83.70014167   -4.88877833  
  83.7001875    -4.24870167  
  83.70050417   -5.37736639  
  83.70065417   -5.70803667  
  83.7009875    -5.50283111  
  83.7013625    -6.37855056  
  83.70140417   -6.50746583  
  83.70182917   -4.84759611  
  83.70189167   -5.51865583  
  83.70199167   -5.70780667  
  83.70225      -4.83241917  
  83.70259583   -4.79719917  
  83.70268333   -5.41574833  
  83.70341667   -5.55914972  
  83.7036875    -5.52936667  
  83.70386667   -5.52539056  
  83.704        -5.47135389  
  83.70455      -5.69497694  
  83.70444583   -5.46915278  
  83.70447083   -5.44071944  
  83.70456667   -5.76805083  
  83.70640833   -6.06912833  
  83.70652917   -5.48426972  
  83.70656667   -5.0831825   
  83.70680833   -5.91439111  
  83.70705417   -5.90754333  
  83.70717917   -4.49291778  
  83.70807083   -5.77371333  
  83.70816667   -6.47001167  
  83.70825833   -5.31243278  
  83.70872083   -5.28671361  
  83.71017083   -5.33898083  
  83.71021667   -5.27492667  
  83.71042917   -5.39314972  
  83.71062083   -4.81031306  
  83.71133333   -4.97688889  
  83.71137917   -5.45029167  
  83.711475     -4.80566833  
  83.71193333   -5.65811389  
  83.71234583   -5.70592778  
  83.71269583   -5.73030139  
  83.71336667   -5.28191667  
  83.714275     -5.48245194  
  83.71436667   -6.57408139  
  83.71484583   -5.42027167  
  83.71563333   -5.65669389  
  83.71588333   -7.63884167  
  83.71633333   -5.69263639  
  83.71642917   -6.9302775   
  83.71645417   -5.62336194  
  83.71679583   -4.91702083  
  83.7168       -5.41192667  
  83.71720417   -5.68256611  
  83.7173375    -5.37553583  
  83.71751667   -4.66992972  
  83.718125     -5.56360167  
  83.7194       -5.49589889  
  83.71947917   -5.35699083  
  83.71984167   -5.465325    
  83.72049167   -5.48306667  
  83.7205875    -5.69798417  
  83.7210125    -5.05752889  
  83.72112917   -5.44101444  
  83.72115      -4.61763972  
  83.72157917   -5.40024722  
  83.72264583   -4.95911778  
  83.72284583   -5.66775306  
  83.7230875    -5.32074639  
  83.72390417   -5.28750778  
  83.72445      -4.93949889  
  83.72454583   -5.37242028  
  83.72484583   -6.18109278  
  83.72494167   -4.7603375   
  83.7252       -6.39741278  
  83.726025     -5.35982583  
  83.72634167   -5.66897361  
  83.72631667   -4.90360083  
  83.72639167   -4.77000667  
  83.79841667   -5.32006     
  83.72769167   -5.47173333  
  83.7277875    -5.6828275   
  83.72821667   -5.32183583  
  83.72832917   -5.91896167  
  83.72847083   -5.42014472  
  83.7287875    -5.77886389  
  83.72891667   -5.28382583  
  83.729225     -5.44969889  
  83.72959167   -4.82818944  
  83.72974167   -4.80769472  
  83.73146667   -5.60170583  
  83.73164167   -5.92481667  
  83.731925     -4.93658889  
  83.7324125    -5.33628917  
  83.73249583   -5.69060278  
  83.73263333   -5.32929389  
  83.73312917   -5.72846833  
  83.73364583   -5.82647306  
  83.73515      -6.10588389  
  83.735125     -4.43889472  
  83.73547083   -5.46417972  
  83.7356       -5.01867028  
  83.73591667   -5.18679556  
  83.83192917   -5.29617139  
  83.7367125    -5.19250972  
  83.73674583   -4.76798278  
  83.73677917   -4.80197833  
  83.73721667   -5.36842167  
  83.73727917   -4.90993222  
  83.73809167   -5.55818778  
  83.73814167   -7.02979639  
  83.73865      -5.73489833  
  83.739025     -5.54528194  
  83.73935      -6.32586417  
  83.739375     -4.94596611  
  83.73965833   -5.84235833  
  83.74034167   -5.50817694  
  83.74032917   -5.73259083  
  83.74045417   -4.95555917  
  83.74067917   -5.39784889  
  83.7407625    -5.38087083  
  83.7411375    -5.47835167  
  83.74139167   -5.88933972  
  83.74190417   -3.75583083  
  83.74174583   -5.63298167  
  83.74189583   -5.49459083  
  83.74243333   -5.47995611  
  83.74843333   -5.42776972  
  83.74272083   -5.69717889  
  83.74279583   -5.75156472  
  83.74277083   -4.84768389  
  83.7430625    -5.90800889  
  83.74385833   -6.00010889  
  83.743875     -5.54715944  
  83.74422917   -5.94218889  
  83.74444167   -5.94475444  
  83.7449625    -5.35489778  
  83.74510833   -5.28369194  
  83.745075     -5.79261778  
  83.7452375    -5.78520028  
  83.74575417   -5.79910667  
  83.7459875    -6.70490583  
  83.74595833   -5.63075417  
  83.745825     -7.18772528  
  83.74588333   -5.74149722  
  83.74622083   -5.60595528  
  83.74662083   -5.38552583  
  83.7466125    -5.68681056  
  83.74680417   -5.76634472  
  83.74679167   -5.74869972  
  83.74747917   -6.12304222  
  83.74952917   -4.92422472  
  83.74967083   -4.64773167  
  83.75046667   -5.38386389  
  83.75062917   -4.73627361  
  83.75064583   -5.84096861  
  83.7509       -5.40257972  
  83.75097917   -5.26639694  
  83.75105      -4.93579444  
  83.75102917   -6.03732722  
  83.75162917   -5.16223972  
  83.75194583   -5.42063583  
  83.75192083   -4.7790725   
  83.75224583   -5.81728611  
  83.7521625    -6.02318583  
  83.7522125    -4.80992583  
  83.7527875    -5.08575167  
  83.75342917   -5.63554083  
  83.75341667   -5.92388556  
  83.75355      -5.51828722  
  83.75387083   -4.80522972  
  83.75447917   -5.38448     
  83.75489167   -5.40186917  
  83.755075     -5.36235917  
  83.7555125    -4.93253167  
  83.75556667   -5.33947389  
  83.7555625    -5.68708472  
  83.75569167   -6.06545028  
  83.7561875    -5.62124639  
  83.75617083   -5.18449722  
  83.75674583   -5.36362861  
  83.75696667   -4.54803167  
  83.75694583   -5.44339833  
  83.75716667   -5.42018722  
  83.75772083   -5.75124611  
  83.75786667   -5.88366556  
  83.758625     -5.30628972  
  83.7588875    -5.39914472  
  83.75897083   -5.78892028  
  83.75909167   -5.48606472  
  83.7590875    -5.31258     
  83.759625     -5.35651361  
  83.7604       -5.55275889  
  83.76143333   -5.32901667  
  83.7615125    -5.53409917  
  83.76158333   -5.67529972  
  83.76161667   -5.74526611  
  83.7618375    -5.36895889  
  83.76209167   -4.90833861  
  83.76231667   -4.88495278  
  83.76240833   -4.809095    
  83.76248333   -5.50041667  
  83.76248333   -5.64459306  
  83.7625625    -5.75986528  
  83.76287083   -5.37716667  
  83.7628       -4.73794194  
  83.76299583   -5.15472306  
  83.76314167   -5.30830778  
  83.76343333   -5.29814139  
  83.763475     -5.290685    
  83.76358333   -4.82248583  
  83.76385      -5.27300944  
  83.76390417   -4.94527472  
  83.76404167   -5.58743111  
  83.76415833   -4.87547444  
  83.76429167   -5.43611167  
  83.7643375    -5.39244972  
  83.76487083   -5.49060778  
  83.76492917   -5.26679111  
  83.76540833   -5.37937583  
  83.76545      -4.84807472  
  83.76555417   -6.00385778  
  83.7656625    -4.79768917  
  83.76577083   -5.41510639  
  83.76633333   -5.48425972  
  83.770075     -5.37741472  
  83.766475     -5.90052833  
  83.7664625    -5.85528444  
  83.76650417   -5.31660861  
  83.76693333   -5.44365778  
  83.7673625    -5.37344139  
  83.76737917   -5.37556889  
  83.76747083   -5.44106278  
  83.76809583   -5.64198917  
  83.76820833   -5.38718472  
  83.7683625    -4.95429528  
  83.76874583   -5.39903167  
  83.76875      -5.43455389  
  83.76906667   -5.58716722  
  83.76885      -5.49394278  
  83.7688875    -5.86657444  
  83.76919583   -5.43973972  
  83.76919583   -4.97474028  
  83.7692125    -5.64388222  
  83.76929167   -5.16547083  
  83.76938333   -4.90066472  
  83.76955      -5.40997417  
  83.76950833   -4.77273639  
  83.7696625    -5.62008194  
  83.76980417   -5.44388472  
  83.7698375    -5.29504278  
  83.77005417   -4.78582028  
  83.77030417   -5.34927583  
  83.77028333   -5.74076111  
  83.77042917   -5.66380528  
  83.77078333   -5.82489833  
  83.771075     -5.59465     
  83.7711       -5.61216889  
  83.77132083   -5.41704389  
  83.77139583   -5.34012472  
  83.77134167   -5.62832444  
  83.7716375    -5.24731083  
  83.77162083   -5.43436444  
  83.77219167   -5.57457972  
  83.77238333   -5.40292667  
  83.7727125    -5.37514889  
  83.7727125    -4.95153556  
  83.7730875    -5.86502972  
  83.7729       -5.46450167  
  83.77339583   -5.48952972  
  83.7734875    -5.42210472  
  83.77365      -5.39593139  
  83.77385      -5.40512972  
  83.7738625    -5.19307667  
  83.77400417   -5.56549889  
  83.77400417   -5.5894575   
  83.77413333   -5.38779111  
  83.7741       -5.64106     
  83.7741375    -5.64439889  
  83.774375     -4.81200472  
  83.774525     -5.45249889  
  83.77454167   -5.14395056  
  83.77520417   -6.32580167  
  83.775275     -5.95026278  
  83.77562083   -5.33211278  
  83.77577917   -5.33816694  
  83.77615      -5.81722389  
  83.7767625    -5.45131972  
  83.77677083   -5.38757722  
  83.7769125    -5.35522194  
  83.77685      -5.55977083  
  83.77691667   -5.51918472  
  83.77704167   -5.28958444  
  83.77725      -5.41708194  
  83.77736667   -5.54762833  
  83.77749583   -5.44747     
  83.77774583   -5.37903611  
  83.77775      -4.36618     
  83.77812083   -4.55784472  
  83.77824583   -5.33861833  
  83.7782       -5.85038778  
  83.77825833   -4.8338525   
  83.7787875    -5.43349639  
  83.77858333   -5.1972175   
  83.77922083   -5.02634667  
  83.77970417   -4.93077389  
  83.77989583   -5.86831917  
  83.78029583   -5.37405139  
  83.78029583   -5.43648167  
  83.78054167   -5.64470417  
  83.7808125    -5.93501639  
  83.78081667   -5.43003056  
  83.78125417   -5.6983675   
  83.78137083   -5.18736472  
  83.78134167   -5.33065583  
  83.78145417   -4.76529667  
  83.78155833   -5.69857944  
  83.7818375    -5.40018972  
  83.78201667   -5.61630667  
  83.78219583   -5.35755556  
  83.782225     -5.35040667  
  83.78248333   -5.61612333  
  83.782625     -5.81554444  
  83.78299167   -4.59697417  
  83.7831       -5.35478694  
  83.78320417   -5.33427417  
  83.78329583   -5.30740556  
  83.7834       -5.54563639  
  83.78360833   -5.81496111  
  83.7836375    -5.66790472  
  83.78386667   -4.89209111  
  83.78424583   -5.61798667  
  83.78426667   -5.34637889  
  83.78416667   -4.61915028  
  83.7843125    -4.90283972  
  83.7845625    -5.40968167  
  83.78460417   -5.32701833  
  83.78469167   -5.32061111  
  83.7846625    -4.89135361  
  83.7846125    -5.797605    
  83.784775     -5.46580389  
  83.78495      -5.47481167  
  83.7850625    -5.35550639  
  83.785125     -5.38471278  
  83.78547917   -5.59982694  
  83.78554167   -5.42165667  
  83.78556667   -5.41141167  
  83.78581667   -5.4387225   
  83.78584167   -5.93174194  
  83.786        -5.64180278  
  83.78621667   -4.78121278  
  83.7862625    -5.52426056  
  83.78624167   -6.08400972  
  83.78640417   -5.07798972  
  83.7867125    -5.68479306  
  83.786875     -5.53030083  
  83.7871125    -5.32588583  
  83.7871625    -5.93174806  
  83.78752917   -4.46418167  
  83.7875625    -5.33659861  
  83.78727917   -5.9742775   
  83.787575     -6.26403556  
  83.78802917   -5.27893139  
  83.78825      -5.28100222  
  83.78835833   -5.51625389  
  83.78865      -4.10461028  
  83.7889125    -5.36154778  
  83.78937083   -4.42118722  
  83.7894125    -4.95324111  
  83.78955      -5.46357889  
  83.78980417   -4.88818944  
  83.78986667   -5.32852194  
  83.78997083   -5.47300389  
  83.79021667   -5.43981667  
  83.79009583   -4.74700722  
  83.79032917   -5.39885389  
  83.79080833   -5.43059306  
  83.7909       -5.31618611  
  83.79104167   -5.32610389  
  83.79097917   -4.89793333  
  83.79134167   -5.36203389  
  83.79143333   -5.24719528  
  83.79153333   -5.95330389  
  83.791775     -5.40052833  
  83.7916875    -5.24920528  
  83.79186667   -6.09345167  
  83.79194583   -5.28521972  
  83.79198333   -5.31735361  
  83.79197917   -4.46097278  
  83.79230833   -5.32548278  
  83.7922625    -5.37573972  
  83.79246667   -5.33917     
  83.79255      -5.30937667  
  83.79254583   -5.38930278  
  83.7926875    -5.92941278  
  83.79275      -5.38787028  
  83.7928625    -5.66701806  
  83.7929       -5.33230083  
  83.79299167   -5.35361389  
  83.79309583   -5.48431528  
  83.7930375    -5.77599083  
  83.79332917   -5.50216833  
  83.79339167   -5.3312175   
  83.7934375    -5.35959083  
  83.79339583   -5.9280275   
  83.7936375    -5.43342194  
  83.79377083   -5.37931167  
  83.7937625    -5.43841389  
  83.79386667   -4.97945111  
  83.79391667   -5.40462583  
  83.79407917   -5.36561972  
  83.79422083   -5.58496611  
  83.79422917   -5.38221167  
  83.79434583   -5.38427278  
  83.79435      -4.70208639  
  83.7945625    -6.57098389  
  83.79464167   -5.13800056  
  83.7950125    -4.73629556  
  83.7951625    -5.43247778  
  83.79538333   -5.65853694  
  83.79556667   -4.66599361  
  83.795625     -4.94437194  
  83.7955875    -5.41349472  
  83.79548333   -5.37954472  
  83.79578333   -5.25603556  
  83.79624167   -5.26717278  
  83.79665      -5.37716333  
  83.79672917   -5.28914167  
  83.79713333   -5.41060944  
  83.79711667   -5.35431944  
  83.79742917   -5.29626     
  83.79779167   -5.29926556  
  83.79780833   -5.73840639  
  83.79795      -5.43148     
  83.79854167   -5.40595417  
  83.79857083   -5.51693833  
  83.7986125    -5.43571667  
  83.7990125    -5.35909139  
  83.79909167   -5.458585    
  83.79909583   -5.30968333  
  83.79908333   -4.82505333  
  83.79916667   -5.36368583  
  83.799125     -4.90594028  
  83.799375     -5.35008722  
  83.799525     -5.53201389  
  83.79952917   -5.32396389  
  83.7995125    -5.35093083  
  83.79954583   -5.33389139  
  83.7997       -5.53147778  
  83.79975      -5.49241806  
  83.7997875    -5.47914139  
  83.799875     -5.34252778  
  83.7998875    -5.38169472  
  83.79994167   -6.41938639  
  83.80019167   -6.83179111  
  83.8001375    -5.31139611  
  83.80020417   -5.46894694  
  83.80022917   -5.7915475   
  83.80049583   -5.40938111  
  83.80065833   -5.50556611  
  83.80080833   -5.41566889  
  83.80086667   -5.50913583  
  83.80114167   -5.39664972  
  83.801125     -5.34587694  
  83.80119167   -5.29724889  
  83.80121667   -5.07398583  
  83.80139583   -5.90978861  
  83.80140417   -5.93538667  
  83.8015125    -5.72179472  
  83.8021       -4.8059825   
  83.80235      -5.27590889  
  83.80247917   -5.39556583  
  83.80262917   -5.44238194  
  83.802375     -5.38388056  
  83.80270833   -4.87202361  
  83.80288333   -5.32649167  
  83.802875     -5.62473583  
  83.80294167   -5.45294667  
  83.80289167   -4.90073139  
  83.8030125    -5.26199778  
  83.80321667   -5.34303139  
  83.8034125    -5.34545278  
  83.80345833   -5.92399444  
  83.803525     -5.35943806  
  83.80358333   -5.26353861  
  83.80377917   -5.76043944  
  83.80415417   -5.65967889  
  83.80429583   -5.00727333  
  83.804325     -5.56765778  
  83.8045875    -4.93124167  
  83.804675     -5.72161667  
  83.80487083   -5.29187028  
  83.80489167   -5.60497583  
  83.80499167   -5.41539389  
  83.8049625    -4.69845111  
  83.80505      -5.34797972  
  83.8051875    -5.46504972  
  83.80542917   -5.33859083  
  83.80555      -4.86246167  
  83.805725     -5.47152972  
  83.80600833   -5.39449667  
  83.80585833   -5.39146778  
  83.80597083   -5.96612583  
  83.80596667   -5.35202806  
  83.80607917   -5.58415889  
  83.80625      -5.29201333  
  83.80644583   -6.80087861  
  83.8065125    -5.2960575   
  83.806575     -5.58555778  
  83.8065125    -5.46591667  
  83.80658333   -5.34423611  
  83.80655417   -5.31591139  
  83.80658333   -5.39867111  
  83.80675417   -5.33189889  
  83.80667083   -5.51599389  
  83.8067625    -5.23941889  
  83.806875     -5.55921444  
  83.80689583   -5.47952167  
  83.80709167   -4.71629972  
  83.80717083   -5.35996083  
  83.8071375    -4.75066417  
  83.80730833   -5.58191083  
  83.80734583   -5.65279389  
  83.8074875    -5.3944725   
  83.80749583   -5.36656778  
  83.8075875    -5.46024389  
  83.807825     -5.40726778  
  83.8081       -5.45022889  
  83.8082125    -5.35647167  
  83.80847917   -5.86917472  
  83.80854583   -5.33111889  
  83.80857083   -5.42230778  
  83.80862083   -4.88643389  
  83.80885      -4.13056056  
  83.80899167   -5.33987278  
  83.80917083   -5.24099333  
  83.80914583   -5.47872972  
  83.80927083   -4.54800444  
  83.8321       -5.32506806  
  83.80922917   -5.33451583  
  83.80942917   -5.32665889  
  83.809275     -5.70124861  
  83.80929167   -5.72154667  
  83.80947917   -5.40683472  
  83.809925     -5.39748444  
  83.809975     -5.39266083  
  83.8101875    -5.30686722  
  83.81018333   -5.55529083  
  83.8101625    -5.90739611  
  83.81021667   -4.92355917  
  83.81018333   -5.54624194  
  83.81065833   -6.25353472  
  83.8106875    -5.54138528  
  83.81075417   -5.49863528  
  83.81097083   -5.04027556  
  83.81096667   -5.27946972  
  83.81097083   -5.10699472  
  83.81113333   -6.25201361  
  83.81105417   -5.34512472  
  83.8108375    -5.312055    
  83.81115      -5.65301389  
  83.8113       -5.35175472  
  83.8113375    -5.38968722  
  83.8113375    -5.04103639  
  83.81147917   -5.34138472  
  83.81135417   -5.23341722  
  83.8114625    -5.57132472  
  83.81140417   -5.85113278  
  83.8115       -5.7340675   
  83.8119875    -5.63485333  
  83.81195417   -5.38473778  
  83.81199167   -5.12987639  
  83.812225     -5.39137972  
  83.81214167   -5.61087389  
  83.8123125    -5.35021528  
  83.81235417   -4.93559139  
  83.81264167   -5.00225028  
  83.81339583   -5.50723194  
  83.8133875    -5.46050333  
  83.8136125    -5.2633475   
  83.81373333   -5.35799917  
  83.813925     -5.37097583  
  83.81394583   -5.04735833  
  83.81415417   -5.46311639  
  83.81415833   -5.36095389  
  83.81415417   -5.35387972  
  83.8142       -5.32628083  
  83.8141375    -4.55728472  
  83.81435417   -5.29417722  
  83.81433333   -5.39596361  
  83.8144       -5.02014278  
  83.81469583   -5.88782389  
  83.8148625    -4.88558111  
  83.81485417   -5.16421639  
  83.81498333   -4.99108167  
  83.81505      -5.40084083  
  83.81515      -5.38236667  
  83.81529583   -5.29646278  
  83.81524167   -6.02439583  
  83.81544583   -5.394125    
  83.81531667   -5.42587972  
  83.81547083   -5.44121083  
  83.81564583   -5.54975222  
  83.81570833   -4.84843167  
  83.8158       -5.38957     
  83.81580833   -5.39069944  
  83.81587083   -4.37182083  
  83.81582083   -5.55342389  
  83.81597083   -5.501575    
  83.81604167   -6.16298583  
  83.81599167   -4.89148028  
  83.81620833   -5.48133167  
  83.81646667   -5.24972667  
  83.81645833   -5.68650278  
  83.8165375    -5.43533806  
  83.81649583   -5.28264889  
  83.8167125    -6.15016361  
  83.8169375    -5.34341278  
  83.81699583   -5.38170528  
  83.8170375    -4.49174028  
  83.81740417   -5.23698694  
  83.8173       -5.00071889  
  83.81749167   -5.41560389  
  83.817675     -5.47604667  
  83.81781667   -5.35254028  
  83.81785      -5.29560806  
  83.81780833   -5.53394083  
  83.81787083   -5.3695375   
  83.818025     -5.26055389  
  83.8180375    -5.49240833  
  83.81814167   -5.30248944  
  83.81824583   -5.41029861  
  83.8182375    -5.4008925   
  83.8188       -5.10028056  
  83.81909167   -5.27237306  
  83.819225     -5.28985389  
  83.81920833   -5.32659083  
  83.81925417   -4.54606722  
  83.81965      -5.31252694  
  83.8197125    -4.76235389  
  83.81970417   -5.33889083  
  83.819575     -5.31705639  
  83.81984583   -5.40117389  
  83.81983333   -5.28798083  
  83.819925     -5.24647444  
  83.82010417   -5.51551361  
  83.82003333   -5.40892889  
  83.82020833   -5.12993     
  83.8204       -5.28414583  
  83.820475     -5.45242389  
  83.8205       -5.31140333  
  83.82062917   -5.76549889  
  83.82075833   -5.39361417  
  83.82084583   -5.26230167  
  83.82074167   -5.38359083  
  83.82107917   -5.4828175   
  83.82109167   -5.39279194  
  83.82132083   -5.30379944  
  83.8212375    -5.97518167  
  83.82140833   -5.30181889  
  83.8214875    -5.4459975   
  83.82149583   -5.69827972  
  83.8217625    -5.34103472  
  83.8218375    -4.66341778  
  83.8218375    -5.67422333  
  83.8218625    -5.38793278  
  83.82227083   -5.37658167  
  83.82237917   -5.37936972  
  83.822275     -5.70403778  
  83.8224125    -5.40004278  
  83.82255417   -5.51295444  
  83.8225125    -4.99920139  
  83.82262917   -5.53783806  
  83.82266667   -5.28248361  
  83.82289167   -5.30625917  
  83.82314167   -5.27018167  
  83.82311667   -5.42854278  
  83.82305833   -4.71043889  
  83.82315      -5.38243083  
  83.82310417   -5.36265083  
  83.82307917   -5.68010167  
  83.82362083   -5.97403167  
  83.82360833   -4.86205083  
  83.82387083   -5.00860611  
  83.82417083   -6.41066389  
  83.82436667   -5.34836472  
  83.8244       -4.89341139  
  83.82435      -4.68517889  
  83.82441667   -5.51131528  
  83.82436667   -4.74790167  
  83.8244875    -5.36746528  
  83.82454167   -5.30979889  
  83.82463333   -5.25914889  
  83.82455      -5.54708722  
  83.82897917   -5.35215972  
  83.82460417   -5.70945167  
  83.82479167   -5.58768639  
  83.82489167   -5.27919278  
  83.82495417   -5.27044889  
  83.8248125    -4.34479556  
  83.824925     -5.260725    
  83.82489167   -5.4474075   
  83.825025     -5.84004     
  83.82515833   -5.40080889  
  83.82514167   -5.36816111  
  83.82541667   -5.47359889  
  83.82559583   -5.34151306  
  83.82569167   -4.88568806  
  83.8258375    -5.28944556  
  83.82584583   -5.27609194  
  83.82594167   -5.21855389  
  83.82581667   -5.39330972  
  83.8259375    -5.29580806  
  83.82584583   -5.06517778  
  83.82605      -4.46055139  
  83.82631667   -5.52833056  
  83.82620417   -5.47948667  
  83.82635833   -5.00914472  
  83.82652083   -5.40742889  
  83.82660417   -4.88985389  
  83.826775     -4.66672278  
  83.82715417   -5.34520889  
  83.82716667   -5.22731472  
  83.82710833   -5.70850944  
  83.827425     -5.44023083  
  83.8274625    -5.27644278  
  83.827475     -4.91969139  
  83.82755833   -5.22428778  
  83.82759583   -5.30978361  
  83.82759583   -4.89598528  
  83.82775417   -5.38719667  
  83.8278125    -5.68596806  
  83.82790833   -5.38243667  
  83.82785833   -5.30046667  
  83.827925     -4.7489225   
  83.82835417   -5.29142278  
  83.8284875    -5.24598667  
  83.82849583   -5.37303972  
  83.82853333   -4.73612222  
  83.8287375    -5.31765889  
  83.82870417   -5.4048425   
  83.82862083   -4.74103389  
  83.82880833   -5.014135    
  83.82892917   -6.457075    
  83.828675     -5.34193278  
  83.82894167   -5.34783389  
  83.82911667   -5.62317444  
  83.82914167   -5.47287306  
  83.82925833   -5.48318056  
  83.82943333   -5.39710389  
  83.82939167   -4.12232667  
  83.8296625    -5.39084889  
  83.82957917   -4.90213722  
  83.83003333   -5.51749722  
  83.83039583   -5.78348083  
  83.83023333   -5.32002917  
  83.83026667   -5.97550306  
  83.8304       -5.27908389  
  83.8305       -4.92915667  
  83.83048333   -6.06305528  
  83.8308       -5.42842222  
  83.831075     -5.26895278  
  83.83110833   -5.25908972  
  83.83142083   -5.36365111  
  83.83145417   -5.53298694  
  83.83152083   -5.45128222  
  83.8313625    -7.43372667  
  83.83151667   -5.28423389  
  83.8315125    -5.45992639  
  83.83169167   -5.33383194  
  83.83188333   -5.22401972  
  83.8319       -5.40738667  
  83.83191667   -5.55037972  
  83.83220833   -5.08176417  
  83.83229167   -4.80501167  
  83.8324625    -5.23480444  
  83.83250417   -5.62809972  
  83.83256667   -5.25980083  
  83.832575     -5.37266778  
  83.83265833   -5.41328611  
  83.83265833   -5.25249167  
  83.83274583   -5.51771222  
  83.83278333   -5.5089175   
  83.832875     -4.296375    
  83.83303333   -5.65025194  
  83.83319583   -5.01736889  
  83.8333375    -5.213965    
  83.83342083   -5.48663389  
  83.83350417   -5.42709278  
  83.833525     -5.35164167  
  83.833675     -5.34553083  
  83.83393333   -5.22099889  
  83.83398333   -5.58254222  
  83.83403333   -5.32899472  
  83.834125     -5.26648361  
  83.83410417   -5.34017556  
  83.83412917   -4.69285472  
  83.834225     -5.78084778  
  83.8342125    -5.34914583  
  83.83435      -5.23315889  
  83.83445      -5.41776917  
  83.83448333   -5.53799833  
  83.83455417   -5.51097278  
  83.83460833   -5.33273389  
  83.83505833   -5.28733889  
  83.83521667   -5.39159778  
  83.83517917   -4.72584639  
  83.8353       -5.48638806  
  83.835475     -5.38970694  
  83.8355125    -5.3478      
  83.83558333   -5.40579611  
  83.83549167   -4.49708083  
  83.8357       -5.34532472  
  83.83594167   -5.41288667  
  83.8358375    -5.05019333  
  83.83599167   -5.37930278  
  83.83599167   -4.83042667  
  83.83609167   -5.15076944  
  83.8363125    -5.32404944  
  83.83633333   -5.43773222  
  83.836575     -5.22312833  
  83.83643333   -5.63156694  
  83.836525     -5.36530167  
  83.836775     -5.35600583  
  83.83989167   -5.16078778  
  83.837025     -6.12151389  
  83.837175     -5.36414472  
  83.83702917   -6.3061575   
  83.83744167   -5.52268583  
  83.83750417   -5.345335    
  83.83733333   -6.06679028  
  83.83747083   -4.29886667  
  83.83762083   -5.46920083  
  83.83762917   -5.37361472  
  83.8379125    -5.34876444  
  83.83815833   -5.43248389  
  83.83837083   -5.55486306  
  83.83855      -5.70342167  
  83.8385625    -5.15448972  
  83.83878333   -6.94008111  
  83.83875      -4.86387028  
  83.83897917   -5.39596667  
  83.83910833   -5.16173583  
  83.83922917   -5.78364389  
  83.839375     -4.95520056  
  83.83959583   -5.02099139  
  83.83957083   -5.38793889  
  83.839625     -4.84588083  
  83.83959167   -5.03158472  
  83.83980417   -5.35155833  
  83.8399       -5.16379889  
  83.8401       -5.25474861  
  83.8400875    -5.58286389  
  83.8401       -5.39048083  
  83.84010417   -5.45406028  
  83.84024167   -5.28801278  
  83.84029583   -5.36308083  
  83.84035833   -5.632645    
  83.84039583   -5.57967167  
  83.84058333   -5.32955056  
  83.84052917   -5.44564472  
  83.8406875    -6.314215    
  83.8408       -5.38628778  
  83.8407125    -5.39423083  
  83.840875     -5.39831389  
  83.8408875    -5.33549194  
  83.841025     -5.38512889  
  83.84115      -5.11718389  
  83.84109583   -4.69293833  
  83.841225     -4.90200583  
  83.841275     -5.25030583  
  83.84115      -4.98879694  
  83.841925     -5.87688833  
  83.84204583   -5.40911667  
  83.84209167   -5.31601778  
  83.84212917   -5.37613278  
  83.84218333   -6.2184475   
  83.84243333   -5.40689972  
  83.842725     -5.30242583  
  83.8427       -5.01080694  
  83.84283333   -5.52135361  
  83.84299583   -5.40393889  
  83.84295      -4.692575    
  83.84303333   -4.70209472  
  83.84316667   -5.12755278  
  83.84322917   -5.29246722  
  83.8432375    -5.45787278  
  83.84334583   -5.13476028  
  83.8434625    -5.02059667  
  83.84350833   -5.36695583  
  83.8435875    -5.42919167  
  83.84359583   -5.43634639  
  83.843875     -4.87693278  
  83.84398333   -5.13354472  
  83.84417917   -5.224535    
  83.84425417   -5.23646083  
  83.8442375    -5.74149028  
  83.84445      -5.25237778  
  83.84452083   -5.27055278  
  83.84452917   -5.142785    
  83.84475833   -5.31056639  
  83.84475      -5.32996139  
  83.84480833   -4.72385639  
  83.845        -6.2013425   
  83.84490417   -4.48084972  
  83.84498333   -5.38704667  
  83.844975     -5.52700778  
  83.84497083   -4.80827472  
  83.84517083   -4.77818056  
  83.8451375    -5.42987917  
  83.84533333   -4.62798056  
  83.84534583   -6.02119972  
  83.84541667   -5.54139472  
  83.84552917   -5.22775667  
  83.84547917   -4.75509139  
  83.84577917   -5.25604944  
  83.8458125    -5.29583583  
  83.845925     -5.4267175   
  83.8463875    -4.80763083  
  83.84645833   -6.39357667  
  83.84658333   -5.37452972  
  83.8467125    -5.47607833  
  83.84673333   -5.14545     
  83.84712083   -5.46946389  
  83.84719583   -5.20085278  
  83.84721667   -5.13933667  
  83.84718333   -5.11933111  
  83.8472       -5.35705472  
  83.84727083   -4.66951889  
  83.84765833   -5.34997472  
  83.84755833   -5.34424139  
  83.847775     -5.76836111  
  83.84752083   -5.02459139  
  83.8480125    -5.31586083  
  83.8483       -4.28729389  
  83.84830417   -5.42400167  
  83.84814583   -5.02793472  
  83.84855833   -5.39620583  
  83.84859167   -5.44084333  
  83.84863333   -5.41591333  
  83.84868333   -5.37019806  
  83.84883333   -5.38884611  
  83.8488375    -4.80462806  
  83.849        -5.31109389  
  83.8491875    -5.39283056  
  83.84919583   -4.83792278  
  83.8495125    -5.85775556  
  83.84952083   -5.35515861  
  83.84969583   -5.3362325   
  83.84969167   -6.08219167  
  83.8499       -5.13138306  
  83.84992917   -5.41940083  
  83.85010833   -5.38717889  
  83.8503375    -5.151875    
  83.85039167   -5.35907167  
  83.85050417   -5.31512611  
  83.85055833   -4.83583611  
  83.8505875    -4.82509222  
  83.85099583   -5.49920972  
  83.85106667   -5.42185167  
  83.85125      -5.14192722  
  83.85140833   -5.37562389  
  83.85141667   -5.43341917  
  83.85134583   -5.02235556  
  83.85180417   -5.41105472  
  83.85190417   -5.44205972  
  83.85200833   -5.28329667  
  83.8521375    -5.41708833  
  83.85201667   -6.02953333  
  83.8524       -5.92600778  
  83.85252083   -5.33196667  
  83.85249167   -5.19157083  
  83.85244167   -5.00598694  
  83.85257917   -5.35118444  
  83.85266667   -5.19954333  
  83.85264167   -5.31935167  
  83.85287917   -5.40991278  
  83.853        -5.27809583  
  83.853175     -5.17495833  
  83.8536125    -5.10599333  
  83.85369167   -5.41948778  
  83.8537625    -5.16708111  
  83.85417083   -5.34283083  
  83.8542375    -5.15265861  
  83.85440417   -5.38292167  
  83.85449583   -5.39825111  
  83.8545125    -5.39630972  
  83.8546375    -6.79904167  
  83.85483333   -4.56430639  
  83.85489583   -5.0859275   
  83.85505      -5.41590056  
  83.85509167   -5.49766194  
  83.8551       -5.13999917  
  83.855125     -5.25994889  
  83.8554375    -5.48684806  
  83.85554167   -5.20158361  
  83.85559583   -5.42487583  
  83.8557125    -5.40316778  
  83.85564583   -4.56356667  
  83.85572917   -5.88930972  
  83.85577917   -5.85241667  
  83.85595833   -5.36430972  
  83.856        -5.11466417  
  83.85625      -5.76246583  
  83.85629167   -4.85571278  
  83.85635417   -5.56795694  
  83.85649167   -4.68580611  
  83.85659167   -6.21790889  
  83.85685417   -5.13257972  
  83.856825     -5.16166861  
  83.85695417   -6.30486222  
  83.856925     -5.50579889  
  83.857        -5.51058278  
  83.85700833   -4.82535806  
  83.85715417   -5.49315     
  83.857075     -5.11753417  
  83.8571375    -5.38594083  
  83.85720833   -5.44492889  
  83.85717917   -5.12952083  
  83.8572125    -5.16373472  
  83.85727917   -5.0994      
  83.8576       -5.09545778  
  83.85835833   -5.42993778  
  83.85827917   -5.85637806  
  83.85835833   -4.58249889  
  83.85897917   -5.09646389  
  83.85904167   -5.75235167  
  83.85902917   -5.33500972  
  83.85906667   -5.50502861  
  83.85912083   -5.42233694  
  83.85900833   -5.14275306  
  83.8596625    -4.82399167  
  83.85975833   -5.42781778  
  83.860025     -5.27011889  
  83.85989167   -5.74279944  
  83.859975     -5.41685778  
  83.86006667   -5.92407333  
  83.86019583   -4.99778861  
  83.8603375    -5.29902389  
  83.86022083   -5.50457028  
  83.86042917   -5.32188833  
  83.86122083   -5.06520778  
  83.86108333   -5.1028625   
  83.8614       -5.2792      
  83.86142917   -5.31747722  
  83.861625     -6.17608389  
  83.8616875    -5.06748583  
  83.86187917   -5.15677444  
  83.86191667   -5.18544083  
  83.86225417   -5.06856639  
  83.8622375    -5.3019225   
  83.86232917   -5.26030556  
  83.86235417   -5.17147583  
  83.86243333   -5.16505972  
  83.8627375    -5.26242583  
  83.87272083   -5.31269556  
  83.86281667   -5.81451778  
  83.86280417   -5.16677417  
  83.8629       -6.7634625   
  83.86319583   -6.32832972  
  83.8633625    -4.92182917  
  83.8633375    -5.50686472  
  83.86360417   -5.09083611  
  83.86362083   -4.57284611  
  83.86375417   -5.39349583  
  83.86397083   -6.32533556  
  83.86444167   -5.28609278  
  83.86430833   -5.04503972  
  83.86444167   -5.16224583  
  83.8645625    -5.45719583  
  83.864775     -5.30536694  
  83.86470833   -5.232305    
  83.8648375    -5.16908139  
  83.8650125    -4.87202083  
  83.86506667   -5.15910944  
  83.86515      -5.16032667  
  83.8652375    -5.71530167  
  83.86535833   -5.11743222  
  83.86567917   -5.35523833  
  83.8658       -5.13184389  
  83.8660625    -5.38991944  
  83.86603333   -5.09340056  
  83.86629583   -6.23751278  
  83.86619583   -5.46722583  
  83.86651667   -5.3166475   
  83.8661625    -5.08337639  
  83.86655417   -5.49196778  
  83.8668375    -5.28895083  
  83.86685833   -5.02635972  
  83.8669125    -6.35919278  
  83.8672       -5.31587944  
  83.8672125    -5.38511472  
  83.86727917   -5.17050972  
  83.86732917   -5.35964889  
  83.86735      -5.19376167  
  83.86743333   -5.06139361  
  83.86750833   -5.41612917  
  83.867525     -4.73107833  
  83.86769583   -4.97733083  
  83.86784583   -6.50617111  
  83.8678375    -5.62209389  
  83.86798333   -5.98702083  
  83.86825      -4.57526278  
  83.86809583   -6.01685833  
  83.86834583   -5.9411075   
  83.86825417   -5.41759778  
  83.86833333   -5.12892361  
  83.86840833   -5.31725861  
  83.86855833   -4.86525528  
  83.86877083   -6.45054056  
  83.86875      -5.1296475   
  83.8690375    -5.55120389  
  83.86899583   -4.87109917  
  83.869125     -6.50102917  
  83.86910833   -5.09571528  
  83.86934167   -4.79069583  
  83.86953333   -4.80454417  
  83.86996667   -4.75823944  
  83.87026667   -4.96087389  
  83.87054583   -5.27179278  
  83.87060417   -4.90564778  
  83.87122083   -5.48619778  
  83.87153333   -5.30511528  
  83.87209583   -4.33203528  
  83.87225      -5.42951167  
  83.87215417   -4.06960389  
  83.87267917   -5.29873861  
  83.87272917   -6.27406167  
  83.87284583   -5.42699778  
  83.8736375    -5.50686694  
  83.87382917   -4.98022056  
  83.87404583   -5.36901083  
  83.87421667   -4.99754167  
  83.87437917   -6.44954111  
  83.87437083   -5.39875389  
  83.874425     -5.39678083  
  83.87455417   -5.31478972  
  83.87484167   -6.47224972  
  83.87494583   -5.20762583  
  83.87505      -5.87572639  
  83.87507083   -5.54590306  
  83.8756       -5.23848667  
  83.87594167   -5.13856944  
  83.87604583   -5.15881194  
  83.8761875    -5.23129167  
  83.87657083   -5.37723639  
  83.87675      -5.42738083  
  83.87669583   -6.45201833  
  83.87691667   -5.32611972  
  83.876875     -5.46977694  
  83.8768625    -6.08357306  
  83.87699167   -5.81769472  
  83.87703333   -5.47514778  
  83.877225     -4.38072722  
  83.87739583   -5.86539167  
  83.8775375    -5.36086     
  83.87752083   -4.99334472  
  83.87745      -4.95596056  
  83.8777125    -5.06973917  
  83.87786667   -5.41974639  
  83.877925     -5.30197778  
  83.878325     -5.51005083  
  83.87832917   -5.86415278  
  83.8788125    -6.44223389  
  83.878725     -4.92162583  
  83.87884583   -5.42322778  
  83.87885      -5.92842389  
  83.87878333   -6.84304694  
  83.87937083   -6.75502778  
  83.87944583   -5.07084972  
  83.87975417   -5.22884944  
  83.87976667   -4.48943083  
  83.88000417   -4.95751917  
  83.88017917   -5.39444472  
  83.88026667   -5.31553083  
  83.88045417   -5.33148444  
  83.8807       -5.55245083  
  83.88073333   -5.97784167  
  83.880775     -5.33812917  
  83.88087083   -5.47121056  
  83.88095      -5.42117583  
  83.88090417   -5.07974472  
  83.88115      -4.96326361  
  83.881225     -5.08378889  
  83.88139583   -5.09648278  
  83.8815       -5.27692472  
  83.88155      -5.45058667  
  83.88162917   -5.32436472  
  83.88167917   -4.91037861  
  83.88175833   -5.28282778  
  83.88178333   -5.00390583  
  83.882125     -4.68545333  
  83.88232083   -5.35574139  
  83.882325     -5.27776194  
  83.8827375    -5.45292889  
  83.88285      -6.60705389  
  83.88294167   -5.58644583  
  83.88312917   -5.15776278  
  83.88306667   -5.52993167  
  83.88330833   -5.27224972  
  83.88339583   -4.64283278  
  83.8834625    -5.14300694  
  83.88406667   -5.19943583  
  83.9083875    -4.87487972  
  83.8842375    -4.78256083  
  83.88425833   -5.74069083  
  83.88455417   -4.78011472  
  83.88454167   -5.49458667  
  83.88470417   -5.19542444  
  83.8851875    -5.2519125   
  83.88552917   -5.03253556  
  83.8855625    -5.03602806  
  83.88560417   -4.80232333  
  83.88568333   -5.54943667  
  83.885825     -5.67007556  
  83.88589167   -5.09389194  
  83.88610417   -5.75791028  
  83.88627083   -5.35505111  
  83.88631667   -4.83660361  
  83.88681667   -5.3055025   
  83.8869625    -5.50594083  
  83.887325     -5.20130778  
  83.8873625    -5.2778125   
  83.88750417   -4.73301389  
  83.88754583   -4.85027583  
  83.8879       -5.9851825   
  83.88815      -4.09800694  
  83.88816667   -5.23625278  
  83.88815417   -5.78537917  
  83.88832083   -5.26816083  
  83.888375     -5.39721028  
  83.88835417   -6.10266944  
  83.88851667   -5.33270139  
  83.88890833   -4.85315278  
  83.88892083   -5.19599667  
  83.88942917   -4.56935111  
  83.89000833   -5.36941056  
  83.8903875    -4.77326472  
  83.89093333   -5.07431972  
  83.8911       -5.15165222  
  83.89136667   -6.24241417  
  83.8915875    -5.04965639  
  83.8924375    -6.66199333  
  83.89197917   -4.99733083  
  83.89285833   -5.55598139  
  83.8928375    -5.10589167  
  83.89323333   -5.44990472  
  83.89332917   -4.81752833  
  83.89339167   -5.31071472  
  83.89362917   -4.67242278  
  83.89372083   -5.01448389  
  83.89376667   -4.78189972  
  83.89395      -4.63491778  
  83.89437083   -4.81599472  
  83.89451667   -5.57723028  
  83.8943875    -6.04648556  
  83.8955125    -6.14347306  
  83.8959125    -5.43946528  
  83.89595833   -5.18588611  
  83.895925     -5.68369556  
  83.89647083   -5.35656667  
  83.89639167   -5.56363917  
  83.896525     -5.32968528  
  83.8967625    -4.79434972  
  83.89703333   -5.35753583  
  83.89715833   -4.73894306  
  83.89746667   -5.14632889  
  83.8979375    -4.520995    
  83.8979875    -5.97194972  
  83.89805833   -4.42309361  
  83.89835      -5.26200278  
  83.89834167   -5.65222667  
  83.89977083   -5.35319556  
  83.89979583   -5.64515278  
  83.9000375    -5.20702472  
  83.90882917   -5.47599083  
  83.90082917   -5.08221583  
  83.9009       -5.33900444  
  83.90147083   -5.52717972  
  83.90175      -5.02098583  
  83.9017875    -4.27219917  
  83.90183333   -5.56975778  
  83.902775     -5.39116222  
  83.90262917   -6.64266306  
  83.90285      -5.07069083  
  83.9030125    -5.16677833  
  83.90350417   -5.33001778  
  83.903825     -5.72144028  
  83.9045       -6.30668778  
  83.90483333   -5.17486278  
  83.90498333   -6.04172167  
  83.90555417   -6.39065972  
  83.90552917   -5.04340778  
  83.9055875    -6.35531722  
  83.90543333   -5.53248306  
  83.906125     -5.85780472  
  83.9061875    -6.04191444  
  83.90700833   -5.10889056  
  83.90806667   -4.43573056  
  83.909775     -5.47628611  
  83.91014167   -5.87933861  
  83.91043333   -5.08098306  
  83.91037083   -4.64226389  
  83.910375     -5.95827667  
  83.91053333   -4.99475972  
  83.91066667   -5.13425417  
  83.91079583   -6.39530167  
  83.91082083   -5.46025278  
  83.91135833   -5.28309306  
  83.9119       -5.21165083  
  83.91278333   -4.29546722  
  83.91308333   -5.96847917  
  83.91399167   -7.34394444  
  83.91471667   -5.17697028  
  83.9156875    -4.67340667  
  83.91579583   -5.41412028  
  83.91634167   -5.98711528  
  83.91645833   -4.35059889  
  83.916475     -5.11022278  
  83.91661667   -5.37409361  
  83.91675833   -4.76537583  
  83.91672083   -5.0436      
  83.91680417   -5.19395278  
  83.91833333   -4.92887722  
  83.91872917   -4.87390083  
  83.91883333   -4.98689833  
  83.91896667   -4.58860083  
  83.9191875    -5.37560028  
  83.91927083   -5.317495    
  83.91983333   -5.21331444  
  83.91987083   -5.1866375   
  83.92004583   -5.36161389  
  83.92043333   -5.36731917  
  83.92048333   -5.32864472  
  83.9205375    -4.57734972  
  83.920925     -6.37927083  
  83.92135      -5.59281417  
  83.92145      -4.34315639  
  83.92179583   -5.64148528  
  83.92209167   -5.64245083  
  83.92207083   -5.0645275   
  83.92215833   -5.46398889  
  83.92240833   -5.33234083  
  83.9237375    -5.33747389  
  83.92393333   -5.08885222  
  83.92489583   -5.47021889  
  83.92505      -5.16985778  
  83.92540833   -6.27243917  
  83.92589583   -6.19546861  
  83.92622083   -5.25222444  
  83.92670417   -4.71584861  
  83.92697917   -5.45917167  
  83.92745833   -5.43632     
  83.92756667   -5.44268222  
  83.92794167   -5.67648     
  83.92785417   -5.17121583  
  83.92812917   -5.32929167  
  83.928175     -6.58106583  
  83.92849167   -6.36239     
  83.9289625    -4.53255444  
  83.92915833   -5.38400167  
  83.92925417   -4.78341333  
  83.92940833   -5.0520775   
  83.92962917   -4.41546583  
  83.9299875    -5.42115944  
  83.93071667   -6.37210167  
  83.93081667   -5.54557889  
  83.93120833   -5.41190722  
  83.93143333   -5.14706472  
  83.931475     -5.09484583  
  83.93170833   -5.34760889  
  83.93165      -5.53659667  
  83.93199583   -4.41522472  
  83.93248333   -5.16634     
  83.93260417   -5.56144     
  83.93311667   -6.14127306  
  83.93355833   -4.93848111  
  83.9335125    -4.26724889  
  83.9337       -5.14377     
  83.93386667   -6.15853083  
  83.93387917   -4.80133667  
  83.9340875    -6.47119389  
  83.93403333   -5.61104778  
  83.93545      -4.73774778  
  83.93581667   -4.99935722  
  83.93663333   -4.28860028  
  83.93685      -5.40957278  
  83.9369125    -5.12138972  
  83.93782083   -5.23211139  
  83.9379       -4.44338167  
  83.93875833   -5.31906944  
  83.939075     -5.46965889  
  83.940025     -5.25989472  
  83.94011667   -5.22670056  
  83.941375     -6.43309083  
  83.942175     -5.18104389  
  83.94264167   -5.30236083  
  83.94267917   -5.26106083  
  83.94327917   -4.65112278  
  83.94421667   -5.37341583  
  83.94455      -5.82396278  
  83.94537083   -5.44093528  
  83.94585417   -5.27063194  
  83.9461125    -6.1958825   
  83.94717083   -6.4374075   
  83.947575     -5.17456778  
  83.94851667   -6.36001389  
  83.94852917   -5.32069583  
  83.94852917   -5.62744278  
  83.94943333   -7.31441389  
  83.9496125    -5.32969444  
  83.9505875    -3.54663694  
  83.95029167   -4.83899667  
  83.95055833   -5.89926167  
  83.9508875    -4.21986944  
  83.95127083   -5.83646389  
  83.95159167   -5.02465889  
  83.95205417   -4.32848278  
  83.95217917   -5.93975917  
  83.95360417   -6.20217889  
  83.95409583   -5.02761389  
  83.95429167   -4.89723111  
  83.955075     -5.98429222  
  83.95572917   -5.49432306  
  83.95608333   -3.54772278  
  83.95774583   -4.77564389  
  83.95780833   -5.30857778  
  83.9584125    -6.58148056  
  83.9584875    -5.28836722  
  83.95907917   -5.35469833  
  83.959125     -6.84449972  
  83.95917083   -5.43467833  
  83.96015833   -5.47636583  
  83.9603       -5.86171889  
  83.96055833   -4.3261875   
  83.9607875    -5.46309111  
  83.96112917   -5.24977583  
  83.9611125    -4.67693472  
  83.96111667   -5.46503056  
  83.96155      -5.27476583  
  83.9620125    -4.7230775   
  83.96230833   -6.37878472  
  83.9629       -5.11913167  
  83.96325417   -4.94102583  
  83.96383333   -6.23146944  
  83.96675      -6.16712889  
  83.9670875    -4.8208575   
  83.96772083   -4.71801389  
  83.96803333   -5.21582417  
  83.96869167   -5.49493333  
  83.96929167   -5.08490278  
  83.9692375    -6.18655     
  83.96982917   -5.21638583  
  83.9704125    -5.428865    
  83.97042083   -4.13537083  
  83.97125      -5.50292167  
  83.9730625    -5.34092889  
  83.97376667   -6.51517722  
  83.97380833   -4.96568194  
  83.974725     -5.47192139  
  83.97479583   -5.46057778  
  83.97523333   -4.78870667  
  83.97522917   -5.07076278  
  83.97534583   -5.62841778  
  83.97564167   -5.28622611  
  83.97622917   -6.388845    
  83.9763875    -5.44568472  
  83.9763625    -6.18869361  
  83.97674167   -4.02901167  
  83.97760833   -5.45209472  
  83.97817917   -4.97222417  
  83.97919167   -5.90580056  
  83.98072917   -5.7840075   
  83.9822625    -5.82482917  
  83.9822625    -5.07712722  
  83.98371667   -5.42585361  
  83.985275     -5.54931944  
  83.98547917   -6.40337611  
  83.98570417   -6.19181444  
  83.98584167   -5.58647944  
  83.98652917   -5.33274778  
  83.9870875    -5.75530389  
  83.98734583   -6.49391778  
  83.98751667   -4.85235889  
  83.98874583   -6.67445528  
  83.988775     -6.26047389  
  83.988825     -8.22954833  
  83.989375     -6.71162389  
  83.99020417   -5.95509167  
  83.99047917   -5.38590278  
  83.991025     -6.39567083  
  83.99208333   -5.19528694  
  83.99270417   -6.61197389  
  83.99274583   -6.23456444  
  83.9931375    -6.32555833  
  83.9942125    -4.49004972  
  83.99507917   -5.17073056  
  83.9954875    -6.04436528  
  83.9956       -5.54830333  
  83.99679167   -5.12596722  
  83.9977375    -5.41481389  
  83.99784167   -5.61933972  
  83.9985625    -5.49543389  
  83.99868333   -5.91753722  
  83.99895417   -6.26848167  
  83.9993375    -6.70845306  
  84.000175     -6.12061722  
  84.0007375    -6.70942389  
  84.00372917   -6.4433325   
  84.00362083   -4.71633111  
  84.0045875    -6.25872972  
  84.00453333   -6.41876972  
  84.00557917   -5.62591806  
  84.00690833   -6.71001528  
  84.009175     -5.04724111  
  84.01086667   -5.62018472  
  84.011025     -4.83335167  
  84.011775     -5.54843028  
  84.0134875    -5.74246778  
  84.015075     -4.23826083  
  84.016075     -5.50520306  
  84.01733333   -5.06912306  
  84.01876667   -5.38485722  
  84.02072917   -6.77817083  
  84.0208125    -6.74525944  
  84.02084583   -6.71220972  
  84.021175     -6.49226278  
  84.02132083   -5.18714222  
  84.0215       -6.42371778  
  84.02562083   -6.43131306  
  84.02619583   -6.05428972  
  84.0267375    -4.69828667  
  84.02745      -6.52859222  
  84.0275125    -5.6984      
  84.02772083   -6.53810083  
  84.02771667   -6.24051     
  84.02779167   -4.92005694  
  84.02834167   -5.10432139  
  84.02875417   -4.34378278  
  84.02911667   -5.22615167  
  84.02921667   -6.03058944  
  84.02934583   -5.57173667  
  84.0303875    -5.70601083  
  84.03368333   -4.68904472  
  84.03452917   -6.81008889  
  84.034725     -6.41052278  
  84.035        -4.48127472  
  84.03856667   -5.51933833  
  84.03867917   -4.83354139  
  84.03865      -5.61077972  
  84.03965      -6.40936333  
  84.04041667   -6.17524583  
  84.04219583   -5.83572722  
  84.04304583   -5.70750583  
  84.04345417   -5.36252694  
  84.04371667   -5.32913583  
  84.04479167   -7.40785222  
  84.0457       -5.66368278  
  84.04713333   -6.28218111  
  84.04761667   -3.6209475   
  84.04765      -6.37379333  
  84.0477625    -6.37282861  
  84.04837083   -6.71759778  
  84.04862083   -6.41622972  
  84.04877083   -7.50306528  
  84.04910417   -5.66395806  
  84.05171667   -4.75437778  
  84.052125     -5.67927556  
  84.05252083   -6.39431972  
  84.0540875    -6.39182611  
  84.05514583   -6.82834278  
  84.05575      -5.03970417  
  84.06147917   -6.22136278  
  84.06278333   -6.29357889  
  84.06355833   -6.60458833  
  84.06487917   -6.0140225   
  84.0659875    -6.24739833  
  84.06758333   -5.12978611  
  84.068125     -5.66725472  
  84.07075417   -5.19520472  
  84.0712625    -6.47229806  
  84.07171667   -6.63377389  
  84.07180417   -6.29013472  
  84.07200417   -6.18639361  
  84.0734875    -6.38043583  
  84.07392083   -4.10182444  
  84.07447083   -6.374435    
  84.07452083   -5.78176139  
  84.07585833   -5.83142083  
  84.0769875    -6.34408667  
  84.07695833   -6.3704      
  84.07697917   -5.51741083  
  84.07745      -4.88758361  
  84.07847083   -6.36950528  
  84.07889167   -6.75631111  
  84.07925      -5.92370639  
  84.0792125    -5.30795639  
  84.07950833   -6.3807525   
  84.07994167   -5.92520889  
  84.08075833   -6.43091778  
  84.081075     -6.48525806  
  84.081225     -6.41053528  
  84.0811875    -6.37225139  
  84.0812625    -6.37009667  
  84.08147083   -7.31085944  
  84.08225      -5.80655083  
  84.0823125    -5.24406972  
  84.08232083   -4.74863778  
  84.082525     -6.76686417  
  84.08242083   -6.372925    
  84.08280833   -5.21845944  
  84.08497917   -6.42187111  
  84.08540833   -6.38950667  
  84.08564167   -7.09215667  
  84.08582083   -6.37107056  
  84.08723333   -6.37743167  
  84.08774167   -6.36483278  
  84.08815833   -6.4491325   
  84.088225     -6.39200639  
  84.0891875    -6.76017583  
  84.08986667   -6.38127139  
  84.09054583   -5.69951     
  84.090675     -5.09799167  
  84.0909875    -6.43389389  
  84.09114583   -6.39163472  
  84.09149167   -6.69498889  
  84.09155417   -5.52063722  
  84.09276667   -5.92988194  
  84.09349583   -5.60691611  
  84.09360833   -6.395785    
  84.0943125    -6.35770361  
  84.09515833   -6.76838667  
  84.09569583   -6.33991083  
  84.0980375    -6.77066056  
  84.09824167   -6.74080889  
  84.09837917   -6.414355    
  84.098475     -5.85257111  
  84.09850833   -5.37949     
  84.09869583   -4.60473444  
  84.09909167   -6.38646361  
  84.10030833   -6.41534722  
  84.10096667   -5.74683389  
  84.10199583   -5.58093861  
  84.10199583   -6.37311778  
  84.10224583   -6.87614972  
  84.10257083   -6.37812     
  84.103        -6.36508583  
  84.10300417   -6.08699639  
  84.10332917   -6.29183778  
  84.1047125    -6.74495389  
  84.10472917   -7.24868528  
  84.1053125    -6.59564     
  84.10540833   -6.41740139  
  84.10597083   -6.71602472  
  84.10705833   -6.78799306  
  84.1077375    -6.39214722  
  84.107775     -6.416305    
  84.10849167   -6.41811306  
  84.10880417   -6.13438389  
  84.10877917   -6.41442361  
  84.10948333   -5.30838028  
  84.11054167   -6.58735194  
  84.1115625    -6.72872889  
  84.11160833   -5.72936861  
  84.11187917   -5.94169806  
  84.11212083   -4.91835667  
  84.113275     -5.40869167  
  84.114725     -5.51542778  
  84.11495833   -7.22735472  
  84.115275     -6.24456833  
  84.11548333   -6.38675278  
  84.11560417   -6.36593167  
  84.1161875    -6.42665417  
  84.11709583   -6.74238583  
  84.12059583   -5.65429889  
  84.12109583   -6.64462583  
  84.12199583   -4.89750778  
  84.1221125    -4.73328056  
  84.12451667   -4.7875475   
  84.1254       -6.38614889  
  84.12595417   -6.71278972  
  84.12611667   -6.02147306  
  84.126425     -4.53805     
  84.12705833   -6.39905111  
  84.12905      -6.87803889  
  84.1316       -6.14086083  
  84.1326625    -6.38975     
  84.13387917   -5.28708889  
  84.134425     -5.89807917  
  84.13491667   -6.32218278  
  84.135075     -6.67859611  
  84.13524583   -6.02124056  
  84.137025     -6.73912667  
  84.13777917   -6.74149472  
  84.13839167   -6.1486525   
  84.13869583   -6.25666028  
  84.138925     -4.92200944  
  84.13981667   -6.99525889  
  84.13982917   -5.85332083  
  84.14035      -5.96487778  
  84.1448125    -7.18715417  
  84.14547917   -6.13905722  
  84.14755      -6.98807278  
  84.14892083   -4.19477389  
  84.14896667   -6.71385806  
  84.14925      -6.64266694  
  84.15060833   -6.64839028  
  84.15068333   -5.92467583  
  84.15386667   -6.55670389  
  84.15415417   -6.24941528  
  84.15435417   -5.07811278  
  84.15442917   -5.56913     
  84.155025     -5.44037083  
  84.1555375    -5.73537583  
  84.15631667   -6.45479444  
  84.16032917   -4.47247444  
  84.16387917   -6.50309111  
  84.1668875    -5.20642389  
  84.1673125    -5.52043778  
  84.16830417   -6.22594167  
  84.16910833   -6.17590583  
  84.16952917   -6.50258583  
  84.16980833   -6.18563333  
  84.17059167   -6.68825639  
  84.172275     -6.56676278  
  84.17549167   -5.88285278  
  84.18240833   -6.25794389  
  84.18285833   -6.74277306  
  84.19192083   -5.73687222  
  84.19656667   -5.38055028  
  84.19728333   -6.62368167  
  84.198075     -6.13899194  
  84.19835417   -5.60868167  
  84.20269583   -5.64056444  
  84.20415      -5.94696972  
  84.20551667   -5.55571444  
  84.20690833   -5.06927389  
  84.20752083   -5.6331725   
  84.208925     -6.69145278  
  84.20944167   -6.69847778  
  84.20995833   -4.85420889  
  84.21359583   -4.42774639  
  84.21381667   -4.42860389  
  84.21609167   -5.14327667  
  84.21946667   -5.76845639  
  84.21954167   -6.71898472  
  84.22426667   -5.80034778  
  84.23007917   -6.34047583  
  84.23412917   -6.46468611  
  84.23443333   -5.58288917  
  84.2383625    -5.10136083  
  84.24405833   -5.53960333  
  84.245725     -6.48469278  
  84.24688333   -6.15455167  
  84.247475     -6.17101528  
  84.24915833   -5.39467972  
  84.250425     -6.55759167  
  84.25054167   -6.56618083  
  84.25137083   -5.4190275   
  84.25225417   -6.61920556  
  84.25387917   -6.55303056  
  84.25421667   -6.02128278  
  84.2555875    -6.62536278  
  84.25762083   -5.607825    
  84.2597875    -6.31678278  
  84.25995417   -5.60825667  
  84.262975     -5.40389889  
  84.2672125    -4.32850944  
  84.26813333   -4.74609583  
  84.27314583   -6.31079222  
  84.27385      -6.92993111  
  84.2747625    -5.6820675   
  84.28185417   -4.24894472  
  84.28222917   -6.53266194  
  84.282275     -5.88185083  
  84.28692917   -6.73297056  
  84.28772917   -6.01866806  
  84.28981667   -5.70465417  
  84.2914875    -5.80840833  
  84.305275     -6.58347778  
  84.30810833   -7.05641583  
  84.30840833   -7.06144889  
  84.31019167   -6.03690056  
  84.31170417   -6.02828444  
  84.311825     -6.18154972  
  84.31249167   -5.06466917  
  84.31457917   -6.984335    
  84.3159625    -7.29724194  
  84.3181875    -5.43445167  
  84.318325     -7.19620306  
  84.32026667   -5.55102861  
  84.32076667   -6.83016972  
  84.32207917   -6.60502583  
  84.32348333   -4.82481667  
  84.32604167   -5.82242056  
  84.32669583   -5.73121667  
  84.3286375    -6.16142583  
  84.33290833   -7.31605972  
  84.33292917   -6.79636889  
  84.33375417   -6.58423361  
  84.3381       -6.87673     
  84.34235833   -6.91257306  
  84.34458333   -7.35691722  
  84.34525      -6.74626583  
  84.3519875    -6.97582778  
  84.3531875    -5.72675194  
  84.35320417   -5.07618972  
  84.35840417   -5.56703361  
  84.3590625    -6.40212639  
  84.36577083   -5.03259056  
  84.36722917   -5.49444194  
  84.36964583   -5.49294     
  84.37136667   -4.86766278  
  84.37767083   -6.49070472  
  84.37774583   -6.93509361  
  84.38050417   -6.43823333  
  84.38520417   -6.65139278  
  84.3888375    -4.98419278  
  84.3894625    -5.21039472  
  84.39262083   -5.07029556  
  84.40279167   -7.05126222  
  84.40419583   -7.40465667  
  84.405925     -5.87265472  
  84.40677083   -6.69888167  
  84.40911667   -7.47200111  
  84.4169       -5.80647472  
  84.41938333   -6.96405333  
  84.42415417   -6.65951306  
  84.43225833   -6.73870889  
  84.43416667   -5.49197694  
  84.43535      -6.84349667  
  84.44068333   -4.72422667  
  84.44618333   -6.70837472  
  84.44672917   -6.76548694  
  84.44778333   -6.60829778  
  84.44891667   -7.09226722  
  84.4492125    -7.19381944  
  84.454        -7.95549972  
  84.4550125    -4.43668972  
  85.55678333   -8.1290075   
  84.45559583   -6.86033528  
  84.4560625    -6.92129778  
  84.45619167   -7.96477167  
  84.4564       -6.94095083  
  84.4593125    -4.43799278  
  84.46272083   -6.78903694  
  84.46420417   -6.952685    
  84.46550833   -6.94774583  
  84.47114167   -6.59873     
  84.47191667   -7.56247889  
  84.47285417   -6.97102083  
  84.47401667   -6.78807861  
  84.477        -6.95862167  
  84.47875833   -7.68902972  
  84.48         -6.97871167  
  84.4800625    -6.95993083  
  84.4809       -7.65821389  
  84.482225     -6.97719694  
  84.4834375    -6.8152575   
  84.4834375    -7.03053222  
  84.4858375    -6.94438194  
  84.48748333   -6.60924417  
  84.48755417   -7.11569472  
  84.494825     -7.12370083  
  84.49497083   -6.726115    
  84.4953875    -6.72526667  
  84.4995875    -4.22783278  
  84.50344583   -7.26503861  
  84.51031667   -6.74583944  
  84.51357083   -6.696405    
  84.51425833   -6.97096389  
  84.516225     -4.27856472  
  84.51674583   -7.29736056  
  84.5174       -7.36790194  
  84.52015833   -7.03929944  
  84.52066667   -7.26965083  
  84.5253375    -6.49755667  
  84.5302875    -5.02173278  
  84.53137917   -7.14139583  
  84.53145833   -7.15409556  
  84.53815417   -7.09049472  
  84.53879583   -6.82127667  
  84.542575     -6.42405972  
  84.5437       -6.95196056  
  84.5443       -6.36905472  
  84.55235833   -6.85090139  
  84.55347917   -6.99442417  
  84.55605417   -7.11203083  
  84.56044167   -5.42034167  
  84.5726375    -7.16099361  
  84.5754125    -7.04053278  
  84.5799       -7.34739083  
  84.5838125    -6.98465167  
  84.58627917   -6.16687778  
  84.58845417   -7.022325    
  84.59365417   -5.73518028  
  84.59785      -7.07907361  
  84.5995       -7.12747972  
  84.60379167   -7.7435925   
  84.606375     -6.79931     
  84.6074375    -5.36970667  
  84.6085       -7.63312083  
  84.61165      -6.84866861  
  84.61531667   -6.91491778  
  84.61839167   -7.83353083  
  84.6208625    -7.01624917  
  84.6332375    -6.87751278  
  84.636175     -7.51449083  
  84.64094167   -7.28414167  
  84.64419167   -6.96319972  
  84.64603333   -7.15361111  
  84.64663333   -7.83882361  
  84.64840833   -7.30658583  
  84.64983333   -6.97101444  
  84.65250833   -7.77623778  
  84.65272917   -7.18337361  
  84.66468333   -6.99173278  
  84.665875     -6.97486278  
  84.66664167   -7.01173889  
  84.66672917   -6.94951333  
  84.66712917   -6.98744778  
  84.66873333   -6.97276694  
  84.66910833   -7.03995389  
  84.67279583   -7.03126278  
  84.67304583   -7.099845    
  84.6748375    -6.94537806  
  84.67542083   -6.978565    
  84.67777917   -7.05840111  
  84.67827917   -7.21215861  
  84.6787       -6.9445925   
  84.67927083   -6.99080139  
  84.68009583   -6.96913972  
  84.6807       -7.02635361  
  84.68269167   -6.97285694  
  84.6826875    -7.02031667  
  84.68323333   -7.05266528  
  84.68365      -7.09217722  
  84.6840625    -7.01126667  
  84.6844875    -7.37445639  
  84.68667083   -7.04641444  
  84.68729583   -6.97073167  
  84.68759167   -7.0170375   
  84.68900833   -7.18221111  
  84.68975      -7.017275    
  84.690175     -7.0054675   
  84.69016667   -7.01511222  
  84.69047917   -7.03293639  
  84.6924625    -7.01347472  
  84.69277917   -7.03158583  
  84.69295      -6.80762083  
  84.69316667   -7.18476694  
  84.69384167   -7.09375778  
  84.6947625    -7.04703     
  84.69510417   -7.08582944  
  84.69535417   -6.99887667  
  84.69580833   -7.10916528  
  84.69655417   -7.04454778  
  84.6968125    -7.03151944  
  84.6970625    -7.0166825   
  84.69885417   -7.10414944  
  84.69909167   -7.00750861  
  84.69927917   -7.74241667  
  84.70013333   -7.01373528  
  84.70132083   -7.045485    
  84.70184583   -7.00181361  
  84.70213333   -7.00036     
  84.70350833   -7.01202333  
  84.70624167   -4.85228333  
  84.7067625    -7.02156361  
  84.70838333   -7.33844972  
  84.70989583   -7.03021889  
  84.71049167   -7.34159833  
  84.82042083   -7.43346944  
  84.711575     -7.03726444  
  84.7145375    -8.02431083  
  84.7163       -7.04410222  
  84.71664583   -7.35164361  
  84.71724167   -7.03979694  
  84.71832917   -7.03718889  
  84.71818333   -7.35266083  
  84.7197       -7.351735    
  84.7203125    -7.00670056  
  84.7220625    -7.09579278  
  84.72482083   -7.04253083  
  84.72487917   -7.08359111  
  84.72642917   -7.16752722  
  84.726725     -7.02650028  
  84.72714167   -7.46445361  
  84.7288625    -7.11967611  
  84.7290875    -7.19821639  
  84.729225     -6.9384675   
  84.73127917   -7.07486056  
  84.7354875    -7.03212194  
  84.737675     -6.88311528  
  84.74428333   -7.27937583  
  84.75260417   -7.10836861  
  84.75377917   -7.33964694  
  84.7546625    -5.98490222  
  84.7551125    -7.01931278  
  84.7607375    -7.09279194  
  84.76239167   -7.2144975   
  84.767325     -7.05831472  
  84.77184167   -7.09503611  
  84.77235417   -7.18478778  
  84.77430833   -7.17760528  
  84.7752625    -7.19221667  
  84.78132917   -7.07793722  
  84.78155      -7.18117722  
  84.78965417   -7.15493222  
  84.7954875    -8.192955    
  84.799625     -7.1763875   
  84.8049125    -7.21982056  
  84.81036667   -4.78683194  
  84.81189583   -7.82894472  
  84.81282083   -7.44998278  
  84.8135125    -6.73411167  
  84.81337083   -7.32581889  
  84.82532083   -7.4364775   
  84.82663333   -7.33986167  
  84.82762917   -7.46412083  
  84.83180417   -7.43869861  
  84.83340833   -7.43652361  
  84.833775     -7.44362667  
  84.83554167   -7.29193306  
  84.83817917   -7.09604139  
  84.84252917   -8.02626833  
  84.84303333   -7.44569278  
  84.84845417   -6.10910194  
  84.85493333   -6.14999333  
  84.85829583   -8.06853333  
  84.86284583   -7.43712     
  84.863975     -7.43161028  
  84.86816667   -7.40444333  
  84.86919167   -7.34205583  
  84.8790375    -7.40020694  
  84.88470417   -7.37350611  
  84.88925      -7.38285194  
  84.89034167   -7.38392861  
  84.89294583   -7.43647028  
  84.89775833   -7.32394222  
  84.89785      -7.43795556  
  84.90134167   -7.73087167  
  84.90178333   -7.01624028  
  84.90734167   -7.43975472  
  84.90987083   -7.85361972  
  84.90996667   -7.40669722  
  84.9104       -7.40471806  
  84.91025      -7.34027389  
  84.91270833   -7.34140056  
  84.91764167   -7.81662694  
  84.91883333   -7.43430611  
  84.92685833   -7.38794556  
  84.93082917   -7.33916     
  84.9345       -7.33628194  
  84.9380375    -7.32039083  
  84.94092083   -7.37707306  
  84.94183333   -7.88353194  
  84.94267083   -5.94414083  
  84.94564583   -7.37338361  
  84.9515875    -7.4041075   
  84.952475     -7.31811944  
  84.95450833   -7.43802778  
  84.95484583   -7.44352889  
  84.96115417   -7.3917975   
  84.97295      -7.50259944  
  84.97302917   -7.51584278  
  84.9774625    -7.40411028  
  84.97799167   -7.46220889  
  84.97913333   -7.50555722  
  84.97940833   -7.49354     
  84.98055      -7.41098611  
  84.98102917   -7.40534083  
  84.9830625    -7.50791306  
  84.98404167   -7.50406139  
  84.98547917   -7.43090944  
  84.98647083   -7.50162306  
  84.987025     -7.50651389  
  84.98922083   -7.49261444  
  84.99122917   -7.42022306  
  84.99145833   -7.48264417  
  84.9920875    -7.44467917  
  84.99212083   -7.43691     
  84.9946375    -7.51999139  
  84.9954       -7.42593944  
  84.996925     -7.62584972  
  85.00571667   -7.42733611  
  85.00994167   -7.78666944  
  85.02104167   -6.49017167  
  85.02150417   -7.42870639  
  85.0216125    -8.14338583  
  85.02280833   -6.36092778  
  85.02377917   -6.46573361  
  85.0244875    -7.49245306  
  85.02560417   -6.47228667  
  85.02606667   -7.79568333  
  85.02727917   -7.39960667  
  85.02745833   -7.40051778  
  85.028025     -6.27192083  
  85.03331667   -7.46139694  
  85.03665833   -7.45780444  
  85.04090833   -7.16503667  
  85.043175     -7.46066972  
  85.04719167   -7.16490167  
  85.048175     -7.51134667  
  85.04902917   -9.70306472  
  85.05074167   -8.85880361  
  85.0510125    -7.45074389  
  85.05746667   -7.53777167  
  85.0575125    -8.443855    
  85.05794167   -7.32375333  
  85.05885      -7.89630861  
  85.06225833   -7.81345528  
  85.06382083   -7.47969583  
  85.07010417   -7.31862028  
  85.07155      -7.82068778  
  85.07418333   -7.80717361  
  85.07695833   -7.81849778  
  85.08085      -8.23787278  
  85.08462917   -7.94025167  
  85.0847875    -7.8541475   
  85.085        -7.43168278  
  85.0856       -7.94439972  
  85.0863875    -7.91667167  
  85.08729167   -7.93999917  
  85.08705      -8.23197     
  85.08722083   -8.23515     
  85.09099583   -8.14886472  
  85.09825417   -7.67368722  
  85.10008333   -7.40781028  
  85.102725     -7.71895472  
  85.10403333   -7.92646972  
  85.10402917   -8.12589278  
  85.104675     -8.90591139  
  85.10565417   -7.97573528  
  85.10685833   -7.09366778  
  85.10727083   -8.18799833  
  85.10719583   -8.78114083  
  85.1087       -7.62555722  
  85.10944167   -7.95386583  
  85.11308333   -8.12681083  
  85.11437083   -7.45834361  
  85.11591667   -7.66376472  
  85.11598333   -7.92678194  
  85.11604167   -6.61539278  
  85.11898333   -8.54866333  
  85.12262917   -9.46874833  
  85.12274167   -9.28435028  
  85.125825     -7.11245306  
  85.126525     -9.59816278  
  85.12740417   -9.09881806  
  85.12900833   -9.33766639  
  85.13038333   -7.61699917  
  85.133725     -8.14175278  
  85.13825417   -7.62881472  
  85.14025833   -8.29540722  
  85.14860417   -7.66300472  
  85.148875     -9.37899361  
  85.14942917   -7.8359575   
  85.15138333   -7.81860694  
  85.1536875    -8.89669083  
  85.15567917   -8.06749972  
  85.15573333   -9.34192667  
  85.15573333   -7.66010667  
  85.1598375    -8.00998611  
  85.160325     -7.79639083  
  85.16053333   -7.81914139  
  85.16391667   -6.48976139  
  85.16688333   -6.53054083  
  85.168975     -7.91096278  
  85.1708625    -8.03849861  
  85.17184583   -7.74914778  
  85.17266667   -9.60723778  
  85.17504583   -8.87177972  
  85.17560417   -9.28742833  
  85.17887083   -7.7505475   
  85.17933333   -9.61857528  
  85.18158333   -7.81322111  
  85.183225     -7.82504389  
  85.1834125    -7.37853222  
  85.18405833   -7.75266972  
  85.184075     -8.12637278  
  85.18435      -7.74540639  
  85.18492083   -7.73796667  
  85.18612083   -7.49844972  
  85.18767917   -8.11100444  
  85.18797917   -7.37361667  
  85.1887375    -8.11160833  
  85.1914       -9.33606806  
  85.1925875    -8.09008583  
  85.1933375    -8.07669083  
  85.19424167   -8.12022361  
  85.19516667   -8.08183472  
  85.1962625    -8.16328667  
  85.1994       -8.85129278  
  85.20027083   -8.09962583  
  85.20033333   -8.84563583  
  85.20224167   -8.18580667  
  85.20214167   -9.39632972  
  85.20357083   -8.11586972  
  85.203675     -8.85423778  
  85.20410417   -8.55593083  
  85.20514167   -8.85605778  
  85.20548333   -7.77575194  
  85.20575417   -7.96052222  
  85.20614167   -9.340685    
  85.207975     -8.10230056  
  85.2081       -8.09966167  
  85.208325     -8.94435611  
  85.20850417   -8.09864306  
  85.21075      -8.09685389  
  85.21285417   -9.10647     
  85.21676667   -9.46926583  
  85.21849583   -9.45739722  
  85.2189375    -9.57757333  
  85.2199875    -9.5363125   
  85.22006667   -8.84318056  
  85.22027917   -8.09686972  
  85.22232917   -9.23407861  
  85.22363333   -8.07316861  
  85.22449167   -9.10118167  
  85.22507083   -8.08694806  
  85.22604583   -7.53005806  
  85.23552083   -8.15827306  
  85.23954167   -7.80242972  
  85.23945      -9.3420825   
  85.23995417   -9.09721806  
  85.24264167   -9.75181972  
  85.24330417   -9.23044528  
  85.243775     -8.09307861  
  85.2444875    -9.30203361  
  85.24475833   -9.37713667  
  85.2453875    -7.80039306  
  85.24630417   -8.00392667  
  85.24651667   -9.32986167  
  85.55834583   -9.93851806  
  85.2489625    -8.10084944  
  85.2493125    -7.72068833  
  85.24965417   -7.80446111  
  85.256925     -8.11243889  
  85.2582125    -9.39827611  
  85.258375     -8.10052861  
  85.26130833   -9.20804778  
  85.26355      -9.61435083  
  85.26639167   -9.53930861  
  85.2670125    -7.72735722  
  85.26720833   -9.38873528  
  85.2692875    -7.76119583  
  85.2728625    -7.78540778  
  85.27292917   -9.31196444  
  85.27300417   -9.31338861  
  85.27591667   -8.73489194  
  85.278075     -9.31974111  
  85.27916667   -7.78776333  
  85.27950417   -7.7729125   
  85.28807917   -9.53733944  
  85.28816667   -9.23458722  
  85.28839167   -8.08545917  
  85.29182917   -9.49466139  
  85.29222917   -9.26522972  
  85.29560833   -9.35318917  
  85.29630833   -9.02148472  
  85.2992625    -7.89332444  
  85.29925833   -8.95847861  
  85.2995875    -8.95077917  
  85.30042083   -9.19971972  
  85.300575     -8.98130222  
  85.30095833   -8.98323139  
  85.3016875    -9.01884139  
  85.30226667   -8.87944056  
  85.3032125    -9.66097139  
  85.30846667   -8.13260583  
  85.31137917   -9.48220972  
  85.31339583   -8.61759833  
  85.31645417   -9.19924278  
  85.31710833   -7.89650778  
  85.31742083   -9.50470167  
  85.3188125    -9.73736306  
  85.31964583   -7.85498861  
  85.32418333   -7.83104083  
  85.3271625    -7.43922167  
  85.32890833   -7.92471222  
  85.32953333   -7.89372528  
  85.331        -7.89658111  
  85.33150417   -8.67745083  
  85.3319625    -7.84470028  
  85.33287083   -7.92961333  
  85.33381667   -7.92329639  
  85.33477917   -7.88627444  
  85.3375625    -7.95166111  
  85.33859583   -7.9483175   
  85.33919167   -7.91689528  
  85.34065833   -7.88781833  
  85.34219583   -7.96746028  
  85.34395      -8.55769389  
  85.34416667   -8.65454444  
  85.34457083   -7.82112667  
  85.34535      -7.98214361  
  85.3455875    -8.65304083  
  85.34561667   -8.97850361  
  85.34675833   -8.99528778  
  85.34868333   -7.89632222  
  85.34989583   -7.89502583  
  85.3503       -7.88021     
  85.35214583   -8.94223278  
  85.35219167   -7.91864     
  85.35309583   -7.90224056  
  85.354575     -8.55998556  
  85.35561667   -8.09852778  
  85.35574167   -8.21192611  
  85.35605833   -7.92185056  
  85.35775      -7.83074278  
  85.35824167   -8.02100056  
  85.35925      -7.94767083  
  85.36019583   -8.01717417  
  85.36016667   -7.92834472  
  85.36045417   -8.97761861  
  85.36103333   -8.05341639  
  85.3612625    -8.70680278  
  85.36254167   -7.70940778  
  85.36285      -8.01511972  
  85.36339583   -8.61275083  
  85.3654625    -9.52816278  
  85.36681667   -7.8228925   
  85.3675       -9.39453417  
  85.36990417   -7.89750028  
  85.37042083   -8.07027083  
  85.37071667   -8.05713417  
  85.3719875    -8.71788667  
  85.3740875    -8.71280611  
  85.37421667   -8.21717472  
  85.37480833   -7.90588194  
  85.3752125    -8.66921056  
  85.37535      -7.67882111  
  85.37590417   -8.06148306  
  85.37640417   -8.67158028  
  85.37640833   -8.07841694  
  85.37682083   -8.67301389  
  85.37705833   -8.73301472  
  85.37744167   -8.08006056  
  85.3834375    -8.66936861  
  85.38475      -8.63210056  
  85.38842083   -7.91728278  
  85.70899583   -9.75514056  
  85.389075     -7.99893194  
  85.38925      -7.18416778  
  85.39007083   -9.57913333  
  85.39244167   -8.59095556  
  85.39496667   -8.58974111  
  85.39776667   -8.13963306  
  85.3998       -8.68287889  
  85.39972917   -8.67114722  
  85.40130417   -9.56644889  
  85.40205833   -6.34590167  
  85.4029625    -9.51285889  
  85.40513333   -9.02653806  
  85.40574583   -9.13086472  
  85.4077125    -9.43847861  
  85.40992083   -9.7779425   
  85.41220833   -9.52374639  
  85.4154125    -9.29042611  
  85.42356667   -8.00514     
  85.426725     -8.61855056  
  85.4322375    -7.97286861  
  85.43678333   -7.97089667  
  85.43697083   -8.35849667  
  85.43997917   -7.93194639  
  85.44554583   -7.57091833  
  85.45310417   -7.26652167  
  85.45510833   -7.95337361  
  85.457225     -8.00895361  
  85.45784583   -9.63113472  
  85.45807917   -8.0240675   
  85.45998333   -7.53490806  
  85.4678875    -8.02285056  
  85.4691125    -7.84032056  
  85.47361667   -8.62859694  
  85.4752125    -7.83151556  
  85.47758333   -6.25381667  
  85.47775833   -7.98677472  
  85.48192083   -6.96277417  
  85.48882083   -9.89964861  
  85.49167083   -9.83088556  
  85.5003875    -10.01980361 
  85.50094167   -8.72478028  
  85.50365417   -9.42093889  
  85.510775     -7.26660083  
  85.5119375    -9.95340361  
  85.74332917   -8.62820389  
  85.5122625    -7.93913472  
  85.51401667   -9.54870944  
  85.51710833   -9.1450975   
  85.51807083   -7.87331694  
  85.51846667   -7.86388167  
  85.52154583   -8.19072472  
  85.52280417   -8.64121972  
  85.52328333   -8.01821056  
  85.52865833   -10.04143833 
  85.5302       -8.09011222  
  85.53335417   -8.20077667  
  85.53675833   -7.94859361  
  85.54059583   -9.02773917  
  85.54267083   -8.13031806  
  85.5433125    -9.97727167  
  85.54508333   -8.19328972  
  85.54603333   -8.01815861  
  85.55168333   -10.03649889 
  85.5544625    -10.09309028 
  85.55539583   -9.66568667  
  85.5562875    -8.16707222  
  85.558825     -9.93899306  
  85.55909167   -9.93692222  
  85.55943333   -8.22274528  
  85.55957917   -7.97644861  
  85.5608125    -7.98275472  
  85.56362083   -7.65183389  
  85.563825     -10.01633444 
  85.56427917   -9.990755    
  85.56657083   -10.01137194 
  85.57025833   -9.99475389  
  85.57270833   -9.99487583  
  85.57434167   -9.99663556  
  85.5795125    -10.00220972 
  85.581525     -8.08543     
  85.58595833   -10.00571278 
  85.58915417   -9.82894417  
  85.58982917   -8.14159861  
  85.5918125    -9.89018861  
  85.59305417   -9.73930472  
  85.5941875    -9.19845889  
  85.594725     -8.15661583  
  85.5983875    -8.15286667  
  85.59875417   -8.12984444  
  85.599025     -10.01595667 
  85.60099167   -8.12985306  
  85.60134167   -10.01036917 
  85.605975     -8.16537667  
  85.60743333   -8.14725778  
  85.60755      -10.03003833 
  85.60835833   -8.25058917  
  85.610075     -7.98241556  
  85.6104       -7.98079972  
  85.61458333   -8.18437778  
  85.61487083   -8.09062583  
  85.61494167   -8.16460278  
  85.6156875    -10.03089667 
  85.61888333   -10.02858222 
  85.62089583   -9.792385    
  85.6215125    -7.97483972  
  85.62435833   -9.77754222  
  85.6245625    -8.12286722  
  85.62682917   -10.01058278 
  85.6272125    -10.17989306 
  85.84729167   -7.4762275   
  85.62756667   -8.54866472  
  85.62806667   -9.88414472  
  85.62832083   -8.15153417  
  85.62862917   -8.17933306  
  85.62915833   -8.11058778  
  85.6314125    -10.0268425  
  85.63144583   -8.13963306  
  85.63189167   -9.96147278  
  85.63238333   -10.09066861 
  85.6346375    -10.00480278 
  85.6364625    -9.75184611  
  85.6377625    -8.16065389  
  85.63809583   -10.02213667 
  85.63853333   -9.90913972  
  85.6408875    -10.01474444 
  85.64140833   -10.02111    
  85.64174583   -8.16657361  
  85.64297917   -8.03668944  
  85.6430625    -9.99683444  
  85.64344167   -10.03113778 
  85.64393333   -8.89400306  
  85.64539167   -10.02956472 
  85.64549167   -8.13067583  
  85.64835417   -8.25054389  
  85.64932917   -9.98200556  
  85.65202083   -9.98683889  
  85.65235417   -10.01722278 
  85.65427083   -9.99381778  
  85.65459583   -10.05829278 
  85.65497083   -8.64631528  
  85.65706667   -8.42093722  
  85.65854167   -10.06212667 
  85.65905      -10.01871472 
  85.659275     -8.27646389  
  85.659625     -8.683805    
  85.660825     -8.83858306  
  85.66223333   -9.20159417  
  85.66294167   -10.00936139 
  85.66307083   -8.84098917  
  85.66344167   -9.92576972  
  85.66372083   -10.02978889 
  85.663975     -8.44117556  
  85.66549167   -8.91391944  
  85.6659625    -9.36279778  
  85.67005417   -8.66905361  
  85.67315417   -10.01836528 
  85.67400833   -9.93571472  
  85.675425     -8.2542175   
  85.67675833   -8.80389361  
  85.67757083   -9.75096056  
  85.67760417   -9.97760861  
  85.67790833   -10.41928972 
  85.67875833   -8.26763056  
  85.67915833   -8.75910056  
  85.67955833   -8.75988611  
  85.68025      -9.25860722  
  85.6805       -8.16316778  
  85.68234167   -9.17737694  
  85.6826625    -9.17869861  
  85.683275     -8.15743278  
  85.68380833   -8.10732972  
  85.68410417   -9.74698861  
  85.68451667   -8.27946472  
  85.6852375    -10.05520056 
  85.687475     -8.55991417  
  85.6878625    -9.34504833  
  85.68953333   -8.23820972  
  85.69003333   -9.75243861  
  85.69132083   -8.17795139  
  85.69206667   -8.66686667  
  85.69212083   -9.82850222  
  85.6929       -8.30542611  
  85.69297083   -9.80089333  
  85.6936       -9.90063083  
  85.69599167   -9.77440722  
  85.69612917   -8.28527694  
  85.6965375    -8.71123056  
  85.696575     -8.099165    
  85.69677917   -8.61021694  
  85.69735      -8.16906056  
  85.69742917   -8.63580056  
  85.69765      -8.06816583  
  85.697875     -8.63446694  
  85.69873333   -9.78950278  
  85.699125     -9.17716972  
  85.69915      -8.10103306  
  85.69939583   -9.74750333  
  85.7003125    -8.66892639  
  85.70062917   -9.77131833  
  85.70204167   -8.27631028  
  85.70293333   -8.64196556  
  85.70385417   -8.26942583  
  85.703675     -9.79516306  
  85.7038       -9.83672556  
  85.70417917   -7.74186556  
  85.70455833   -7.74354722  
  85.70475417   -9.75954583  
  85.705025     -9.76698972  
  85.70580417   -9.75416778  
  85.705925     -8.28525194  
  85.7061375    -9.74434639  
  85.70618333   -9.64501167  
  85.70727083   -8.64051472  
  85.70745417   -8.20285167  
  85.70820833   -8.23767972  
  85.70826667   -8.65075583  
  85.70949167   -8.57716417  
  85.70985417   -8.66502056  
  85.71035      -8.64144167  
  85.71045417   -8.66601861  
  85.71317083   -8.35446194  
  85.71333333   -8.64875639  
  85.71426667   -8.65055278  
  85.71500417   -9.76427556  
  85.715225     -8.12808139  
  85.71559583   -9.9613775   
  85.71682083   -8.64984222  
  85.71792083   -8.14857111  
  85.71848333   -9.76105556  
  85.71878333   -8.65463972  
  85.719175     -10.04174056 
  85.71971667   -8.73694611  
  85.72010417   -10.04482139 
  85.720475     -8.69471083  
  85.723325     -8.33961278  
  85.72396667   -8.95770472  
  85.72445      -9.93333056  
  85.728075     -8.61771861  
  85.728025     -8.66656944  
  85.7309       -8.87232056  
  85.731475     -8.54671444  
  85.73280833   -9.22526583  
  85.7328125    -9.77673833  
  85.7345375    -9.84769639  
  85.73491667   -8.62935667  
  85.736125     -9.78300417  
  85.73677917   -9.96015889  
  85.73725833   -7.98257528  
  85.73724583   -8.38063056  
  85.73775833   -9.84747306  
  85.7384375    -8.307945    
  85.739125     -8.29618611  
  85.73987917   -8.21208306  
  85.73981667   -9.97336833  
  85.74097917   -10.05989917 
  85.741375     -8.64034778  
  85.74285833   -8.63487694  
  85.7431       -8.01718889  
  85.74309167   -8.62895167  
  85.74395417   -8.31437194  
  85.74417917   -9.9215875   
  85.74635833   -8.15653889  
  85.74972917   -10.06117556 
  85.7499875    -10.05999222 
  85.75032917   -9.85264139  
  85.75184167   -9.83104278  
  85.753775     -8.73842111  
  85.75377917   -8.68727944  
  85.7566625    -10.13068028 
  85.75669167   -8.10099417  
  85.7574125    -8.08072167  
  85.75864583   -8.18721833  
  85.760925     -8.59684944  
  85.762        -8.79709944  
  85.76317083   -9.87010667  
  85.7648       -8.29178472  
  85.76634167   -8.65263278  
  85.76689167   -9.86692028  
  85.76774583   -8.37177861  
  85.76835      -8.30296833  
  85.769025     -8.27755583  
  85.77037083   -10.00561694 
  85.77107917   -10.01737583 
  85.77865417   -8.18793639  
  85.77962083   -9.37353361  
  85.78025      -8.74197     
  85.78535417   -8.19228889  
  85.78985833   -8.49086833  
  85.7911375    -8.22320167  
  85.79244167   -8.76906222  
  85.7931       -8.62435278  
  85.79475      -8.56535806  
  85.79654167   -8.40554028  
  85.80581667   -8.21839917  
  85.806375     -8.51677778  
  85.81101667   -8.41812444  
  85.812675     -9.77299556  
  85.813975     -8.22767361  
  85.81845833   -8.28188389  
  85.8224375    -9.23101444  
  85.82725417   -8.15682083  
  85.84197083   -8.14641167  
  85.85487917   -9.85731694  
  85.86255      -9.99376472  
  85.878875     -7.6629625   
  85.87924167   -8.73992083  
  85.88702917   -9.05015639  
  85.89067917   -9.95542917  
  85.929225     -8.5749925   
  85.93177917   -8.57122556  
  85.94052917   -9.3291575   
  85.94375      -8.31446278  
  85.9815       -7.74665028  
  86.00697917   -9.43343861  
  86.04196667   -8.93031389  
  86.066425     -9.00774778  
  86.11843333   -8.25277167  
  86.18134583   -8.6149125   
  86.27015417   -8.36942861  
  86.33235833   -8.31216583  
  86.33411667   -8.31084361  
  86.4322125    -8.19477056  
  86.43575      -9.32024611  
  86.6595375    -8.53107056  
  83.8394125    -5.22117833  
